701699.423058 7665220.666450
702854.344980 7665658.693196
702814.084091 7665655.674536
702336.712772 7665268.128637
702993.385502 7665317.364311
702026.455588 7666719.651597
702030.766218 7666696.562196
701626.465781 7665995.174176
701457.338580 7666901.084981
700051.285327 7666835.268652
700278.883799 7666764.604961
699985.536359 7666702.646029
701019.210062 7666381.715932
700785.173413 7665731.296221
700660.084659 7665784.535922
701318.515595 7665154.847463
700222.420244 7665621.362536
701139.683426 7668107.770014
701096.444437 7668102.336615
700843.734154 7668483.030178
701363.243263 7668548.311546
702264.478787 7668495.301756
702205.173464 7668496.489039
702311.728968 7668289.699430
701958.866832 7668296.763674
702783.931475 7667973.475977
702800.783423 7667980.131090
702741.011075 7667736.532667
703264.196738 7667943.147356
701391.554541 7667214.057686
701400.424192 7667383.812561
701709.190406 7667130.972065
701733.359718 7667593.544787
702612.733839 7668870.237984
702484.910466 7668975.031870
702624.041941 7668671.974590
702398.386874 7668856.974177
703093.861616 7668827.481134
703095.411054 7668824.491063
702890.929721 7668583.767874
702731.695302 7668891.054875
