701699.42306
7665220.66645
702227.61314,702348.33177,702998.12528,702848.75609,702227.61314
7665372.54124,7665257.00881,7665305.72869,7665672.41330,7665372.54124
701434.03007,701600.31415,701659.36008,702040.27372,701434.03007
7666908.51569,7666017.83373,7665966.67231,7666715.24640,7666908.51569
700053.04246,699972.96971,701008.31987,701070.84796,700053.04246
7666838.81298,7666677.29776,7666355.84716,7666504.37760,7666838.81298
700008.83494,700233.22174,701314.76578,701349.64523,700760.84862,700008.83494
7665997.77498,7665602.32649,7665142.00469,7665261.46370,7665751.54272,7665997.77498
700852.28275,700710.82522,701132.07075,701358.64771,701364.54012,700852.28275
7668502.20199,7668184.95733,7668094.70351,7668483.60348,7668566.57211,7668502.20199
701946.10491,702298.72307,702487.13924,702219.99480,701946.10491
7668286.41528,7668279.35592,7668429.20223,7668508.50738,7668286.41528
702785.35996,702740.28825,703272.00114,702785.35996
7667981.36199,7667732.54228,7667942.52451,7667981.36199
701446.42494,701371.61194,701727.24058,701751.48181,701446.42494
7667646.50946,7667219.27417,7667126.25059,7667590.19967,7667646.50946
702386.62050,702399.33239,702624.83241,702610.84886,702386.62050
7669031.02588,7668842.98789,7668658.11541,7668903.28706,7669031.02588
702882.92807,703096.42706,702810.83492,702724.84143,702882.92807
7668574.34803,7668825.68715,7669025.39835,7668879.42008,7668574.34803
