701699.42306
7665220.66645
702854.34498,702814.08409,702742.20321,702865.93169,702877.51840,702670.32233,702598.44145,702889.10511,702900.69182,702526.56057,702454.67970,702912.27853,702923.86524,702382.79882,702310.91794,702935.45195,702947.03866,702239.03706,702251.50246,702958.62537,702970.21208,702279.90590,702308.30933,702981.79879,702993.38550,702336.71277
7665658.69320,7665655.67454,7665620.97227,7665630.24912,7665601.80505,7665586.27001,7665551.56774,7665573.36098,7665544.91690,7665516.86548,7665482.16321,7665516.47283,7665488.02875,7665447.46095,7665412.75869,7665459.58468,7665431.14061,7665378.05642,7665349.67823,7665402.69653,7665374.25246,7665322.49503,7665295.31183,7665345.80838,7665317.36431,7665268.12864
702814.08409,702854.34498,702865.93169,702742.20321,702670.32233,702877.51840,702889.10511,702598.44145,702526.56057,702900.69182,702912.27853,702454.67970,702382.79882,702923.86524,702935.45195,702310.91794,702239.03706,702947.03866,702958.62537,702251.50246,702279.90590,702970.21208,702981.79879,702308.30933,702336.71277,702993.38550
7665655.67454,7665658.69320,7665630.24912,7665620.97227,7665586.27001,7665601.80505,7665573.36098,7665551.56774,7665516.86548,7665544.91690,7665516.47283,7665482.16321,7665447.46095,7665488.02875,7665459.58468,7665412.75869,7665378.05642,7665431.14061,7665402.69653,7665349.67823,7665322.49503,7665374.25246,7665345.80838,7665295.31183,7665268.12864,7665317.36431
702336.71277,702993.38550,702981.79879,702308.30933,702279.90590,702970.21208,702958.62537,702251.50246,702239.03706,702947.03866,702935.45195,702310.91794,702382.79882,702923.86524,702912.27853,702454.67970,702526.56057,702900.69182,702889.10511,702598.44145,702670.32233,702877.51840,702865.93169,702742.20321,702814.08409,702854.34498
7665268.12864,7665317.36431,7665345.80838,7665295.31183,7665322.49503,7665374.25246,7665402.69653,7665349.67823,7665378.05642,7665431.14061,7665459.58468,7665412.75869,7665447.46095,7665488.02875,7665516.47283,7665482.16321,7665516.86548,7665544.91690,7665573.36098,7665551.56774,7665586.27001,7665601.80505,7665630.24912,7665620.97227,7665655.67454,7665658.69320
702993.38550,702336.71277,702308.30933,702981.79879,702970.21208,702279.90590,702251.50246,702958.62537,702947.03866,702239.03706,702310.91794,702935.45195,702923.86524,702382.79882,702454.67970,702912.27853,702900.69182,702526.56057,702598.44145,702889.10511,702877.51840,702670.32233,702742.20321,702865.93169,702854.34498,702814.08409
7665317.36431,7665268.12864,7665295.31183,7665345.80838,7665374.25246,7665322.49503,7665349.67823,7665402.69653,7665431.14061,7665378.05642,7665412.75869,7665459.58468,7665488.02875,7665447.46095,7665482.16321,7665516.47283,7665544.91690,7665516.86548,7665551.56774,7665573.36098,7665601.80505,7665586.27001,7665620.97227,7665630.24912,7665658.69320,7665655.67454
702026.45559,702030.76622,702009.01186,701994.83798,701963.22037,701987.25751,701965.50316,701931.60275,701899.98514,701943.74881,701921.99445,701868.36753,701836.74992,701900.24010,701878.48575,701805.13231,701773.51470,701856.73140,701834.97704,701741.89708,701710.27947,701813.22269,701791.46834,701678.66186,701647.04425,701769.71399,701747.95963,701615.42664,701583.80903,701726.20528,701704.45093,701552.19141,701520.57380,701682.69657,701660.94222,701488.95619,701457.33858,701626.46578
7666719.65160,7666696.56220,7666653.81039,7666729.73123,7666739.81086,7666611.05859,7666568.30679,7666749.89049,7666759.97013,7666525.55499,7666482.80318,7666770.04976,7666780.12939,7666440.05138,7666397.29958,7666790.20902,7666800.28866,7666354.54777,7666311.79597,7666810.36829,7666820.44792,7666269.04417,7666226.29237,7666830.52755,7666840.60719,7666183.54056,7666140.78876,7666850.68682,7666860.76645,7666098.03696,7666055.28515,7666870.84608,7666880.92572,7666012.53335,7665969.78155,7666891.00535,7666901.08498,7665995.17418
702030.76622,702026.45559,701994.83798,702009.01186,701987.25751,701963.22037,701931.60275,701965.50316,701943.74881,701899.98514,701868.36753,701921.99445,701900.24010,701836.74992,701805.13231,701878.48575,701856.73140,701773.51470,701741.89708,701834.97704,701813.22269,701710.27947,701678.66186,701791.46834,701769.71399,701647.04425,701615.42664,701747.95963,701726.20528,701583.80903,701552.19141,701704.45093,701682.69657,701520.57380,701488.95619,701660.94222,701626.46578,701457.33858
7666696.56220,7666719.65160,7666729.73123,7666653.81039,7666611.05859,7666739.81086,7666749.89049,7666568.30679,7666525.55499,7666759.97013,7666770.04976,7666482.80318,7666440.05138,7666780.12939,7666790.20902,7666397.29958,7666354.54777,7666800.28866,7666810.36829,7666311.79597,7666269.04417,7666820.44792,7666830.52755,7666226.29237,7666183.54056,7666840.60719,7666850.68682,7666140.78876,7666098.03696,7666860.76645,7666870.84608,7666055.28515,7666012.53335,7666880.92572,7666891.00535,7665969.78155,7665995.17418,7666901.08498
701626.46578,701457.33858,701488.95619,701660.94222,701682.69657,701520.57380,701552.19141,701704.45093,701726.20528,701583.80903,701615.42664,701747.95963,701769.71399,701647.04425,701678.66186,701791.46834,701813.22269,701710.27947,701741.89708,701834.97704,701856.73140,701773.51470,701805.13231,701878.48575,701900.24010,701836.74992,701868.36753,701921.99445,701943.74881,701899.98514,701931.60275,701965.50316,701987.25751,701963.22037,701994.83798,702009.01186,702030.76622,702026.45559
7665995.17418,7666901.08498,7666891.00535,7665969.78155,7666012.53335,7666880.92572,7666870.84608,7666055.28515,7666098.03696,7666860.76645,7666850.68682,7666140.78876,7666183.54056,7666840.60719,7666830.52755,7666226.29237,7666269.04417,7666820.44792,7666810.36829,7666311.79597,7666354.54777,7666800.28866,7666790.20902,7666397.29958,7666440.05138,7666780.12939,7666770.04976,7666482.80318,7666525.55499,7666759.97013,7666749.89049,7666568.30679,7666611.05859,7666739.81086,7666729.73123,7666653.81039,7666696.56220,7666719.65160
701457.33858,701626.46578,701660.94222,701488.95619,701520.57380,701682.69657,701704.45093,701552.19141,701583.80903,701726.20528,701747.95963,701615.42664,701647.04425,701769.71399,701791.46834,701678.66186,701710.27947,701813.22269,701834.97704,701741.89708,701773.51470,701856.73140,701878.48575,701805.13231,701836.74992,701900.24010,701921.99445,701868.36753,701899.98514,701943.74881,701965.50316,701931.60275,701963.22037,701987.25751,702009.01186,701994.83798,702026.45559,702030.76622
7666901.08498,7665995.17418,7665969.78155,7666891.00535,7666880.92572,7666012.53335,7666055.28515,7666870.84608,7666860.76645,7666098.03696,7666140.78876,7666850.68682,7666840.60719,7666183.54056,7666226.29237,7666830.52755,7666820.44792,7666269.04417,7666311.79597,7666810.36829,7666800.28866,7666354.54777,7666397.29958,7666790.20902,7666780.12939,7666440.05138,7666482.80318,7666770.04976,7666759.97013,7666525.55499,7666568.30679,7666749.89049,7666739.81086,7666611.05859,7666653.81039,7666729.73123,7666719.65160,7666696.56220
700051.28533,700278.88380,701064.79220,700038.13553,700024.98574,701053.39667,701042.00113,700011.83595,699998.68615,701030.60560,701019.21006,699985.53636
7666835.26865,7666764.60496,7666489.99265,7666808.74413,7666782.21960,7666462.92347,7666435.85429,7666755.69508,7666729.17055,7666408.78511,7666381.71593,7666702.64603
700278.88380,700051.28533,700038.13553,701064.79220,701053.39667,700024.98574,700011.83595,701042.00113,701030.60560,699998.68615,699985.53636,701019.21006
7666764.60496,7666835.26865,7666808.74413,7666489.99265,7666462.92347,7666782.21960,7666755.69508,7666435.85429,7666408.78511,7666729.17055,7666702.64603,7666381.71593
699985.53636,701019.21006,701030.60560,699998.68615,700011.83595,701042.00113,701053.39667,700024.98574,700038.13553,701064.79220,700278.88380,700051.28533
7666702.64603,7666381.71593,7666408.78511,7666729.17055,7666755.69508,7666435.85429,7666462.92347,7666782.21960,7666808.74413,7666489.99265,7666764.60496,7666835.26865
701019.21006,699985.53636,699998.68615,701030.60560,701042.00113,700011.83595,700024.98574,701053.39667,701064.79220,700038.13553,700051.28533,700278.88380
7666381.71593,7666702.64603,7666729.17055,7666408.78511,7666435.85429,7666755.69508,7666782.21960,7666462.92347,7666489.99265,7666808.74413,7666835.26865,7666764.60496
700785.17341,700660.08466,700336.52975,700863.28077,700941.38814,700012.97484,700032.29635,701019.49550,701097.60286,700056.06183,700079.82732,701175.71022,701253.81758,700103.59281,700127.35830,701331.92494,701343.26665,700151.12378,700174.88927,701335.01630,701326.76595,700198.65476,700222.42024,701318.51559
7665731.29622,7665784.53592,7665890.47769,7665666.28433,7665601.27244,7665996.41945,7665956.42773,7665536.26056,7665471.24867,7665914.54458,7665872.66143,7665406.23678,7665341.22489,7665830.77828,7665788.89513,7665276.21300,7665239.61761,7665747.01198,7665705.12883,7665211.36089,7665183.10418,7665663.24568,7665621.36254,7665154.84746
700660.08466,700785.17341,700863.28077,700336.52975,700012.97484,700941.38814,701019.49550,700032.29635,700056.06183,701097.60286,701175.71022,700079.82732,700103.59281,701253.81758,701331.92494,700127.35830,700151.12378,701343.26665,701335.01630,700174.88927,700198.65476,701326.76595,701318.51559,700222.42024
7665784.53592,7665731.29622,7665666.28433,7665890.47769,7665996.41945,7665601.27244,7665536.26056,7665956.42773,7665914.54458,7665471.24867,7665406.23678,7665872.66143,7665830.77828,7665341.22489,7665276.21300,7665788.89513,7665747.01198,7665239.61761,7665211.36089,7665705.12883,7665663.24568,7665183.10418,7665154.84746,7665621.36254
701318.51559,700222.42024,700198.65476,701326.76595,701335.01630,700174.88927,700151.12378,701343.26665,701331.92494,700127.35830,700103.59281,701253.81758,701175.71022,700079.82732,700056.06183,701097.60286,701019.49550,700032.29635,700012.97484,700941.38814,700863.28077,700336.52975,700660.08466,700785.17341
7665154.84746,7665621.36254,7665663.24568,7665183.10418,7665211.36089,7665705.12883,7665747.01198,7665239.61761,7665276.21300,7665788.89513,7665830.77828,7665341.22489,7665406.23678,7665872.66143,7665914.54458,7665471.24867,7665536.26056,7665956.42773,7665996.41945,7665601.27244,7665666.28433,7665890.47769,7665784.53592,7665731.29622
700222.42024,701318.51559,701326.76595,700198.65476,700174.88927,701335.01630,701343.26665,700151.12378,700127.35830,701331.92494,701253.81758,700103.59281,700079.82732,701175.71022,701097.60286,700056.06183,700032.29635,701019.49550,700941.38814,700012.97484,700336.52975,700863.28077,700785.17341,700660.08466
7665621.36254,7665154.84746,7665183.10418,7665663.24568,7665705.12883,7665211.36089,7665239.61761,7665747.01198,7665788.89513,7665276.21300,7665341.22489,7665830.77828,7665872.66143,7665406.23678,7665471.24867,7665914.54458,7665956.42773,7665536.26056,7665601.27244,7665996.41945,7665890.47769,7665666.28433,7665731.29622,7665784.53592
701139.68343,701096.44444,701009.77365,701158.20334,701176.72326,700923.10285,700836.43206,701195.24318,701213.76310,700749.76127,700718.48962,701232.28301,701250.80293,700732.40568,700746.32174,701269.32285,701287.84277,700760.23780,700774.15386,701306.36268,701324.88260,700788.06992,700801.98598,701343.40252,701359.02100,700815.90204,700829.81809,701361.13213,701363.24326,700843.73415
7668107.77001,7668102.33662,7668120.90624,7668139.55787,7668171.34572,7668139.47586,7668158.04548,7668203.13358,7668234.92143,7668176.61510,7668202.14616,7668266.70929,7668298.49715,7668233.35549,7668264.56483,7668330.28500,7668362.07286,7668295.77416,7668326.98350,7668393.86071,7668425.64857,7668358.19284,7668389.40217,7668457.43642,7668488.85968,7668420.61151,7668451.82084,7668518.58561,7668548.31155,7668483.03018
701096.44444,701139.68343,701158.20334,701009.77365,700923.10285,701176.72326,701195.24318,700836.43206,700749.76127,701213.76310,701232.28301,700718.48962,700732.40568,701250.80293,701269.32285,700746.32174,700760.23780,701287.84277,701306.36268,700774.15386,700788.06992,701324.88260,701343.40252,700801.98598,700815.90204,701359.02100,701361.13213,700829.81809,700843.73415,701363.24326
7668102.33662,7668107.77001,7668139.55787,7668120.90624,7668139.47586,7668171.34572,7668203.13358,7668158.04548,7668176.61510,7668234.92143,7668266.70929,7668202.14616,7668233.35549,7668298.49715,7668330.28500,7668264.56483,7668295.77416,7668362.07286,7668393.86071,7668326.98350,7668358.19284,7668425.64857,7668457.43642,7668389.40217,7668420.61151,7668488.85968,7668518.58561,7668451.82084,7668483.03018,7668548.31155
700843.73415,701363.24326,701361.13213,700829.81809,700815.90204,701359.02100,701343.40252,700801.98598,700788.06992,701324.88260,701306.36268,700774.15386,700760.23780,701287.84277,701269.32285,700746.32174,700732.40568,701250.80293,701232.28301,700718.48962,700749.76127,701213.76310,701195.24318,700836.43206,700923.10285,701176.72326,701158.20334,701009.77365,701096.44444,701139.68343
7668483.03018,7668548.31155,7668518.58561,7668451.82084,7668420.61151,7668488.85968,7668457.43642,7668389.40217,7668358.19284,7668425.64857,7668393.86071,7668326.98350,7668295.77416,7668362.07286,7668330.28500,7668264.56483,7668233.35549,7668298.49715,7668266.70929,7668202.14616,7668176.61510,7668234.92143,7668203.13358,7668158.04548,7668139.47586,7668171.34572,7668139.55787,7668120.90624,7668102.33662,7668107.77001
701363.24326,700843.73415,700829.81809,701361.13213,701359.02100,700815.90204,700801.98598,701343.40252,701324.88260,700788.06992,700774.15386,701306.36268,701287.84277,700760.23780,700746.32174,701269.32285,701250.80293,700732.40568,700718.48962,701232.28301,701213.76310,700749.76127,700836.43206,701195.24318,701176.72326,700923.10285,701009.77365,701158.20334,701139.68343,701096.44444
7668548.31155,7668483.03018,7668451.82084,7668518.58561,7668488.85968,7668420.61151,7668389.40217,7668457.43642,7668425.64857,7668358.19284,7668326.98350,7668393.86071,7668362.07286,7668295.77416,7668264.56483,7668330.28500,7668298.49715,7668233.35549,7668202.14616,7668266.70929,7668234.92143,7668176.61510,7668158.04548,7668203.13358,7668171.34572,7668139.47586,7668120.90624,7668139.55787,7668107.77001,7668102.33662
702264.47879,702205.17346,702169.98680,702370.08619,702475.69360,702134.80014,702099.61348,702455.16631,702419.30698,702064.42682,702029.24016,702383.44764,702347.58830,701994.05349,701958.86683,702311.72897
7668495.30176,7668496.48904,7668467.95684,7668463.95089,7668432.60002,7668439.42465,7668410.89245,7668403.77434,7668375.25561,7668382.36026,7668353.82806,7668346.73689,7668318.21816,7668325.29587,7668296.76367,7668289.69943
702205.17346,702264.47879,702370.08619,702169.98680,702134.80014,702475.69360,702455.16631,702099.61348,702064.42682,702419.30698,702383.44764,702029.24016,701994.05349,702347.58830,702311.72897,701958.86683
7668496.48904,7668495.30176,7668463.95089,7668467.95684,7668439.42465,7668432.60002,7668403.77434,7668410.89245,7668382.36026,7668375.25561,7668346.73689,7668353.82806,7668325.29587,7668318.21816,7668289.69943,7668296.76367
702311.72897,701958.86683,701994.05349,702347.58830,702383.44764,702029.24016,702064.42682,702419.30698,702455.16631,702099.61348,702134.80014,702475.69360,702370.08619,702169.98680,702205.17346,702264.47879
7668289.69943,7668296.76367,7668325.29587,7668318.21816,7668346.73689,7668353.82806,7668382.36026,7668375.25561,7668403.77434,7668410.89245,7668439.42465,7668432.60002,7668463.95089,7668467.95684,7668496.48904,7668495.30176
701958.86683,702311.72897,702347.58830,701994.05349,702029.24016,702383.44764,702419.30698,702064.42682,702099.61348,702455.16631,702475.69360,702134.80014,702169.98680,702370.08619,702264.47879,702205.17346
7668296.76367,7668289.69943,7668318.21816,7668325.29587,7668353.82806,7668346.73689,7668375.25561,7668382.36026,7668410.89245,7668403.77434,7668432.60002,7668439.42465,7668467.95684,7668463.95089,7668495.30176,7668496.48904
702783.93148,702800.78342,702866.98533,702777.79999,702771.66850,702933.18723,702999.38913,702765.53702,702759.40553,703065.59103,703131.79293,702753.27405,702747.14256,703197.99484,703264.19674,702741.01108
7667973.47598,7667980.13109,7667974.84770,7667939.62693,7667905.77789,7667969.56431,7667964.28092,7667871.92884,7667838.07980,7667958.99753,7667953.71414,7667804.23076,7667770.38171,7667948.43075,7667943.14736,7667736.53267
702800.78342,702783.93148,702777.79999,702866.98533,702933.18723,702771.66850,702765.53702,702999.38913,703065.59103,702759.40553,702753.27405,703131.79293,703197.99484,702747.14256,702741.01108,703264.19674
7667980.13109,7667973.47598,7667939.62693,7667974.84770,7667969.56431,7667905.77789,7667871.92884,7667964.28092,7667958.99753,7667838.07980,7667804.23076,7667953.71414,7667948.43075,7667770.38171,7667736.53267,7667943.14736
702741.01108,703264.19674,703197.99484,702747.14256,702753.27405,703131.79293,703065.59103,702759.40553,702765.53702,702999.38913,702933.18723,702771.66850,702777.79999,702866.98533,702800.78342,702783.93148
7667736.53267,7667943.14736,7667948.43075,7667770.38171,7667804.23076,7667953.71414,7667958.99753,7667838.07980,7667871.92884,7667964.28092,7667969.56431,7667905.77789,7667939.62693,7667974.84770,7667980.13109,7667973.47598
703264.19674,702741.01108,702747.14256,703197.99484,703131.79293,702753.27405,702759.40553,703065.59103,702999.38913,702765.53702,702771.66850,702933.18723,702866.98533,702777.79999,702783.93148,702800.78342
7667943.14736,7667736.53267,7667770.38171,7667948.43075,7667953.71414,7667804.23076,7667838.07980,7667958.99753,7667964.28092,7667871.92884,7667905.77789,7667969.56431,7667974.84770,7667939.62693,7667973.47598,7667980.13109
701391.55454,701400.42419,701442.14303,701420.43053,701449.30652,701472.44042,701501.43145,701478.18250,701507.05849,701530.42248,701559.41352,701535.93448,701564.81047,701588.40455,701617.39558,701593.68645,701622.56244,701646.38662,701675.37765,701651.43843,701680.31442,701704.36868,701733.35972,701709.19041
7667214.05769,7667383.81256,7667622.05672,7667206.50445,7667198.95121,7667641.70732,7667636.35593,7667191.39797,7667183.84473,7667631.00454,7667625.65314,7667176.29149,7667168.73826,7667620.30175,7667614.95036,7667161.18502,7667153.63178,7667609.59896,7667604.24757,7667146.07854,7667138.52530,7667598.89618,7667593.54479,7667130.97206
701400.42419,701391.55454,701420.43053,701442.14303,701472.44042,701449.30652,701478.18250,701501.43145,701530.42248,701507.05849,701535.93448,701559.41352,701588.40455,701564.81047,701593.68645,701617.39558,701646.38662,701622.56244,701651.43843,701675.37765,701704.36868,701680.31442,701709.19041,701733.35972
7667383.81256,7667214.05769,7667206.50445,7667622.05672,7667641.70732,7667198.95121,7667191.39797,7667636.35593,7667631.00454,7667183.84473,7667176.29149,7667625.65314,7667620.30175,7667168.73826,7667161.18502,7667614.95036,7667609.59896,7667153.63178,7667146.07854,7667604.24757,7667598.89618,7667138.52530,7667130.97206,7667593.54479
701709.19041,701733.35972,701704.36868,701680.31442,701651.43843,701675.37765,701646.38662,701622.56244,701593.68645,701617.39558,701588.40455,701564.81047,701535.93448,701559.41352,701530.42248,701507.05849,701478.18250,701501.43145,701472.44042,701449.30652,701420.43053,701442.14303,701400.42419,701391.55454
7667130.97206,7667593.54479,7667598.89618,7667138.52530,7667146.07854,7667604.24757,7667609.59896,7667153.63178,7667161.18502,7667614.95036,7667620.30175,7667168.73826,7667176.29149,7667625.65314,7667631.00454,7667183.84473,7667191.39797,7667636.35593,7667641.70732,7667198.95121,7667206.50445,7667622.05672,7667383.81256,7667214.05769
701733.35972,701709.19041,701680.31442,701704.36868,701675.37765,701651.43843,701622.56244,701646.38662,701617.39558,701593.68645,701564.81047,701588.40455,701559.41352,701535.93448,701507.05849,701530.42248,701501.43145,701478.18250,701449.30652,701472.44042,701442.14303,701420.43053,701391.55454,701400.42419
7667593.54479,7667130.97206,7667138.52530,7667598.89618,7667604.24757,7667146.07854,7667153.63178,7667609.59896,7667614.95036,7667161.18502,7667168.73826,7667620.30175,7667625.65314,7667176.29149,7667183.84473,7667631.00454,7667636.35593,7667191.39797,7667198.95121,7667641.70732,7667622.05672,7667206.50445,7667214.05769,7667383.81256
702612.73384,702484.91047,702387.56601,702614.99546,702617.25708,702390.27122,702392.97644,702619.51870,702621.78032,702395.68166,702398.38687,702624.04194
7668870.23798,7668975.03187,7669017.03959,7668830.58531,7668790.93263,7668977.02324,7668937.00688,7668751.27995,7668711.62727,7668896.99053,7668856.97418,7668671.97459
702484.91047,702612.73384,702614.99546,702387.56601,702390.27122,702617.25708,702619.51870,702392.97644,702395.68166,702621.78032,702624.04194,702398.38687
7668975.03187,7668870.23798,7668830.58531,7669017.03959,7668977.02324,7668790.93263,7668751.27995,7668937.00688,7668896.99053,7668711.62727,7668671.97459,7668856.97418
702624.04194,702398.38687,702395.68166,702621.78032,702619.51870,702392.97644,702390.27122,702617.25708,702614.99546,702387.56601,702484.91047,702612.73384
7668671.97459,7668856.97418,7668896.99053,7668711.62727,7668751.27995,7668937.00688,7668977.02324,7668790.93263,7668830.58531,7669017.03959,7668975.03187,7668870.23798
702398.38687,702624.04194,702621.78032,702395.68166,702392.97644,702619.51870,702617.25708,702390.27122,702387.56601,702614.99546,702612.73384,702484.91047
7668856.97418,7668671.97459,7668711.62727,7668896.99053,7668937.00688,7668751.27995,7668790.93263,7668977.02324,7669017.03959,7668830.58531,7668870.23798,7668975.03187
703093.86162,703095.41105,703074.96292,703042.22958,702990.59755,703054.51479,703034.06665,702938.96552,702887.33349,703013.61852,702993.17039,702835.70145,702801.75532,702972.72225,702952.27412,702784.24032,702766.72531,702931.82599,702911.37785,702749.21031,702731.69530,702890.92972
7668827.48113,7668824.49106,7668800.41874,7668863.58680,7668899.69247,7668776.34643,7668752.27411,7668935.79814,7668971.90381,7668728.20179,7668704.12947,7669008.00947,7669009.98529,7668680.05715,7668655.98483,7668980.25268,7668950.52008,7668631.91251,7668607.84019,7668920.78748,7668891.05487,7668583.76787
703095.41105,703093.86162,703042.22958,703074.96292,703054.51479,702990.59755,702938.96552,703034.06665,703013.61852,702887.33349,702835.70145,702993.17039,702972.72225,702801.75532,702784.24032,702952.27412,702931.82599,702766.72531,702749.21031,702911.37785,702890.92972,702731.69530
7668824.49106,7668827.48113,7668863.58680,7668800.41874,7668776.34643,7668899.69247,7668935.79814,7668752.27411,7668728.20179,7668971.90381,7669008.00947,7668704.12947,7668680.05715,7669009.98529,7668980.25268,7668655.98483,7668631.91251,7668950.52008,7668920.78748,7668607.84019,7668583.76787,7668891.05487
702890.92972,702731.69530,702749.21031,702911.37785,702931.82599,702766.72531,702784.24032,702952.27412,702972.72225,702801.75532,702835.70145,702993.17039,703013.61852,702887.33349,702938.96552,703034.06665,703054.51479,702990.59755,703042.22958,703074.96292,703095.41105,703093.86162
7668583.76787,7668891.05487,7668920.78748,7668607.84019,7668631.91251,7668950.52008,7668980.25268,7668655.98483,7668680.05715,7669009.98529,7669008.00947,7668704.12947,7668728.20179,7668971.90381,7668935.79814,7668752.27411,7668776.34643,7668899.69247,7668863.58680,7668800.41874,7668824.49106,7668827.48113
702731.69530,702890.92972,702911.37785,702749.21031,702766.72531,702931.82599,702952.27412,702784.24032,702801.75532,702972.72225,702993.17039,702835.70145,702887.33349,703013.61852,703034.06665,702938.96552,702990.59755,703054.51479,703074.96292,703042.22958,703093.86162,703095.41105
7668891.05487,7668583.76787,7668607.84019,7668920.78748,7668950.52008,7668631.91251,7668655.98483,7668980.25268,7669009.98529,7668680.05715,7668704.12947,7669008.00947,7668971.90381,7668728.20179,7668752.27411,7668935.79814,7668899.69247,7668776.34643,7668800.41874,7668863.58680,7668827.48113,7668824.49106
