


1
[(702227.6131359867, 7665372.541242238), (702348.3317670404, 7665257.008805663), (702998.1252775502, 7665305.728692792), (702848.7560888173, 7665672.41329669), (702227.6131359867, 7665372.541242238)]
176.754414369
24
MULTIPOINT (702854.344979696 7665658.693196477, 702814.084091039 7665655.674536058, 702742.2032119522 7665620.972271806, 702865.9316898719 7665630.249122654, 702877.5184000474 7665601.805048831, 702670.3223328678 7665586.270007554, 702598.4414537833 7665551.567743303, 702889.1051102231 7665573.360975008, 702900.691820399 7665544.916901183, 702526.5605746965 7665516.865479051, 702454.6796956119 7665482.1632148, 702912.2785305746 7665516.47282736, 702923.865240751 7665488.028753536, 702382.7988165229 7665447.460950547, 702310.9179374384 7665412.758686296, 702935.4519509266 7665459.584679713, 702947.0386611022 7665431.140605889, 702239.0370583539 7665378.056422045, 702251.5024575222 7665349.678230116, 702958.6253712781 7665402.696532065, 702970.2120814541 7665374.252458241, 702279.9058957027 7665322.495032366, 702308.3093338811 7665295.311834618, 702981.7987916294 7665345.808384418, 702993.3855018057 7665317.364310594, 702336.7127720624 7665268.128636866)
6685.74789144
MULTIPOINT (702814.084091039 7665655.674536058, 702854.344979696 7665658.693196477, 702865.9316898719 7665630.249122654, 702742.2032119522 7665620.972271806, 702670.3223328678 7665586.270007554, 702877.5184000474 7665601.805048831, 702889.1051102231 7665573.360975008, 702598.4414537833 7665551.567743303, 702526.5605746965 7665516.865479051, 702900.691820399 7665544.916901183, 702912.2785305746 7665516.47282736, 702454.6796956119 7665482.1632148, 702382.7988165229 7665447.460950547, 702923.865240751 7665488.028753536, 702935.4519509266 7665459.584679713, 702310.9179374384 7665412.758686296, 702239.0370583539 7665378.056422045, 702947.0386611022 7665431.140605889, 702958.6253712781 7665402.696532065, 702251.5024575222 7665349.678230116, 702279.9058957027 7665322.495032366, 702970.2120814541 7665374.252458241, 702981.7987916294 7665345.808384418, 702308.3093338811 7665295.311834618, 702336.7127720624 7665268.128636866, 702993.3855018057 7665317.364310594)
6694.06775886
MULTIPOINT (702336.7127720624 7665268.128636866, 702993.3855018057 7665317.364310594, 702981.7987916294 7665345.808384418, 702308.3093338811 7665295.311834618, 702279.9058957027 7665322.495032366, 702970.2120814541 7665374.252458241, 702958.6253712781 7665402.696532065, 702251.5024575222 7665349.678230116, 702239.0370583539 7665378.056422045, 702947.0386611022 7665431.140605889, 702935.4519509266 7665459.584679713, 702310.9179374384 7665412.758686296, 702382.7988165229 7665447.460950547, 702923.865240751 7665488.028753536, 702912.2785305746 7665516.47282736, 702454.6796956119 7665482.1632148, 702526.5605746965 7665516.865479051, 702900.691820399 7665544.916901183, 702889.1051102231 7665573.360975008, 702598.4414537833 7665551.567743303, 702670.3223328678 7665586.270007554, 702877.5184000474 7665601.805048831, 702865.9316898719 7665630.249122654, 702742.2032119522 7665620.972271806, 702814.084091039 7665655.674536058, 702854.344979696 7665658.693196477)
6685.74789144
MULTIPOINT (702993.3855018057 7665317.364310594, 702336.7127720624 7665268.128636866, 702308.3093338811 7665295.311834618, 702981.7987916294 7665345.808384418, 702970.2120814541 7665374.252458241, 702279.9058957027 7665322.495032366, 702251.5024575222 7665349.678230116, 702958.6253712781 7665402.696532065, 702947.0386611022 7665431.140605889, 702239.0370583539 7665378.056422045, 702310.9179374384 7665412.758686296, 702935.4519509266 7665459.584679713, 702923.865240751 7665488.028753536, 702382.7988165229 7665447.460950547, 702454.6796956119 7665482.1632148, 702912.2785305746 7665516.47282736, 702900.691820399 7665544.916901183, 702526.5605746965 7665516.865479051, 702598.4414537833 7665551.567743303, 702889.1051102231 7665573.360975008, 702877.5184000474 7665601.805048831, 702670.3223328678 7665586.270007554, 702742.2032119522 7665620.972271806, 702865.9316898719 7665630.249122654, 702854.344979696 7665658.693196477, 702814.084091039 7665655.674536058)
6694.06775886



2
[(701434.030072825, 7666908.515686829), (701600.3141542225, 7666017.833733514), (701659.360078218, 7665966.67230837), (702040.2737192995, 7666715.246403795), (701434.030072825, 7666908.515686829)]
285.760501957
36
MULTIPOINT (702026.4555883126 7666719.651596797, 702030.7662176228 7666696.562196406, 702009.0118649354 7666653.810393561, 701994.8379767475 7666729.731229224, 701963.2203651824 7666739.810861653, 701987.257512248 7666611.058590716, 701965.5031595614 7666568.306787872, 701931.6027536184 7666749.890494081, 701899.9851420532 7666759.970126509, 701943.748806874 7666525.554985027, 701921.9944541866 7666482.803182182, 701868.3675304881 7666770.049758937, 701836.7499189229 7666780.129391366, 701900.2401014993 7666440.051379336, 701878.485748812 7666397.299576491, 701805.1323073579 7666790.209023794, 701773.5146957937 7666800.288656222, 701856.7313961253 7666354.547773648, 701834.9770434379 7666311.795970802, 701741.8970842286 7666810.36828865, 701710.2794726645 7666820.447921078, 701813.2226907512 7666269.044167959, 701791.4683380638 7666226.292365114, 701678.6618610994 7666830.527553506, 701647.0442495352 7666840.607185935, 701769.7139853771 7666183.54056227, 701747.9596326898 7666140.788759425, 701615.4266379701 7666850.686818362, 701583.809026405 7666860.766450791, 701726.2052800023 7666098.03695658, 701704.450927315 7666055.285153735, 701552.1914148398 7666870.846083219, 701520.5738032757 7666880.925715647, 701682.6965746284 7666012.533350891, 701660.9422219411 7665969.781548047, 701488.9561917107 7666891.005348075, 701457.3385801454 7666901.084980504, 701626.4657813966 7665995.17417591)
10297.6078661
MULTIPOINT (702030.7662176228 7666696.562196406, 702026.4555883126 7666719.651596797, 701994.8379767475 7666729.731229224, 702009.0118649354 7666653.810393561, 701987.257512248 7666611.058590716, 701963.2203651824 7666739.810861653, 701931.6027536184 7666749.890494081, 701965.5031595614 7666568.306787872, 701943.748806874 7666525.554985027, 701899.9851420532 7666759.970126509, 701868.3675304881 7666770.049758937, 701921.9944541866 7666482.803182182, 701900.2401014993 7666440.051379336, 701836.7499189229 7666780.129391366, 701805.1323073579 7666790.209023794, 701878.485748812 7666397.299576491, 701856.7313961253 7666354.547773648, 701773.5146957937 7666800.288656222, 701741.8970842286 7666810.36828865, 701834.9770434379 7666311.795970802, 701813.2226907512 7666269.044167959, 701710.2794726645 7666820.447921078, 701678.6618610994 7666830.527553506, 701791.4683380638 7666226.292365114, 701769.7139853771 7666183.54056227, 701647.0442495352 7666840.607185935, 701615.4266379701 7666850.686818362, 701747.9596326898 7666140.788759425, 701726.2052800023 7666098.03695658, 701583.809026405 7666860.766450791, 701552.1914148398 7666870.846083219, 701704.450927315 7666055.285153735, 701682.6965746284 7666012.533350891, 701520.5738032757 7666880.925715647, 701488.9561917107 7666891.005348075, 701660.9422219411 7665969.781548047, 701626.4657813966 7665995.17417591, 701457.3385801454 7666901.084980504)
10292.4577976
MULTIPOINT (701626.4657813966 7665995.17417591, 701457.3385801454 7666901.084980504, 701488.9561917107 7666891.005348075, 701660.9422219411 7665969.781548047, 701682.6965746284 7666012.533350891, 701520.5738032757 7666880.925715647, 701552.1914148398 7666870.846083219, 701704.450927315 7666055.285153735, 701726.2052800023 7666098.03695658, 701583.809026405 7666860.766450791, 701615.4266379701 7666850.686818362, 701747.9596326898 7666140.788759425, 701769.7139853771 7666183.54056227, 701647.0442495352 7666840.607185935, 701678.6618610994 7666830.527553506, 701791.4683380638 7666226.292365114, 701813.2226907512 7666269.044167959, 701710.2794726645 7666820.447921078, 701741.8970842286 7666810.36828865, 701834.9770434379 7666311.795970802, 701856.7313961253 7666354.547773648, 701773.5146957937 7666800.288656222, 701805.1323073579 7666790.209023794, 701878.485748812 7666397.299576491, 701900.2401014993 7666440.051379336, 701836.7499189229 7666780.129391366, 701868.3675304881 7666770.049758937, 701921.9944541866 7666482.803182182, 701943.748806874 7666525.554985027, 701899.9851420532 7666759.970126509, 701931.6027536184 7666749.890494081, 701965.5031595614 7666568.306787872, 701987.257512248 7666611.058590716, 701963.2203651824 7666739.810861653, 701994.8379767475 7666729.731229224, 702009.0118649354 7666653.810393561, 702030.7662176228 7666696.562196406, 702026.4555883126 7666719.651596797)
10297.6078661
MULTIPOINT (701457.3385801454 7666901.084980504, 701626.4657813966 7665995.17417591, 701660.9422219411 7665969.781548047, 701488.9561917107 7666891.005348075, 701520.5738032757 7666880.925715647, 701682.6965746284 7666012.533350891, 701704.450927315 7666055.285153735, 701552.1914148398 7666870.846083219, 701583.809026405 7666860.766450791, 701726.2052800023 7666098.03695658, 701747.9596326898 7666140.788759425, 701615.4266379701 7666850.686818362, 701647.0442495352 7666840.607185935, 701769.7139853771 7666183.54056227, 701791.4683380638 7666226.292365114, 701678.6618610994 7666830.527553506, 701710.2794726645 7666820.447921078, 701813.2226907512 7666269.044167959, 701834.9770434379 7666311.795970802, 701741.8970842286 7666810.36828865, 701773.5146957937 7666800.288656222, 701856.7313961253 7666354.547773648, 701878.485748812 7666397.299576491, 701805.1323073579 7666790.209023794, 701836.7499189229 7666780.129391366, 701900.2401014993 7666440.051379336, 701921.9944541866 7666482.803182182, 701868.3675304881 7666770.049758937, 701899.9851420532 7666759.970126509, 701943.748806874 7666525.554985027, 701965.5031595614 7666568.306787872, 701931.6027536184 7666749.890494081, 701963.2203651824 7666739.810861653, 701987.257512248 7666611.058590716, 702009.0118649354 7666653.810393561, 701994.8379767475 7666729.731229224, 702026.4555883126 7666719.651596797, 702030.7662176228 7666696.562196406)
10292.4577976



3
[(700053.0424635324, 7666838.812982559), (699972.9697061374, 7666677.297761326), (701008.3198723898, 7666355.847164368), (701070.8479593156, 7666504.377603078), (700053.0424635324, 7666838.812982559)]
182.525474055
10
MULTIPOINT (700051.2853268264 7666835.268651965, 700278.8837986412 7666764.604960572, 701064.7922047062 7666489.992645324, 700038.1355332192 7666808.744127361, 700024.9857396126 7666782.219602758, 701053.3966689217 7666462.923467094, 701042.0011331365 7666435.854288861, 700011.8359460055 7666755.695078154, 699998.6861523982 7666729.170553549, 701030.6055973514 7666408.78511063, 701019.2100615662 7666381.715932398, 699985.5363587912 7666702.646028946)
6582.14282951
MULTIPOINT (700278.8837986412 7666764.604960572, 700051.2853268264 7666835.268651965, 700038.1355332192 7666808.744127361, 701064.7922047062 7666489.992645324, 701053.3966689217 7666462.923467094, 700024.9857396126 7666782.219602758, 700011.8359460055 7666755.695078154, 701042.0011331365 7666435.854288861, 701030.6055973514 7666408.78511063, 699998.6861523982 7666729.170553549, 699985.5363587912 7666702.646028946, 701019.2100615662 7666381.715932398)
5779.24340047
MULTIPOINT (699985.5363587912 7666702.646028946, 701019.2100615662 7666381.715932398, 701030.6055973514 7666408.78511063, 699998.6861523982 7666729.170553549, 700011.8359460055 7666755.695078154, 701042.0011331365 7666435.854288861, 701053.3966689217 7666462.923467094, 700024.9857396126 7666782.219602758, 700038.1355332192 7666808.744127361, 701064.7922047062 7666489.992645324, 700278.8837986412 7666764.604960572, 700051.2853268264 7666835.268651965)
6582.14282951
MULTIPOINT (701019.2100615662 7666381.715932398, 699985.5363587912 7666702.646028946, 699998.6861523982 7666729.170553549, 701030.6055973514 7666408.78511063, 701042.0011331365 7666435.854288861, 700011.8359460055 7666755.695078154, 700024.9857396126 7666782.219602758, 701053.3966689217 7666462.923467094, 701064.7922047062 7666489.992645324, 700038.1355332192 7666808.744127361, 700051.2853268264 7666835.268651965, 700278.8837986412 7666764.604960572)
5779.24340047



4
[(700008.8349397501, 7665997.774980409), (700233.221743268, 7665602.326494301), (701314.7657808798, 7665142.004685256), (701349.645232256, 7665261.463696246), (700760.8486178246, 7665751.542723122), (700008.8349397501, 7665997.774980409)]
366.912115104
22
MULTIPOINT (700785.1734129706 7665731.296220948, 700660.0846590155 7665784.535922254, 700336.5297481021 7665890.47768687, 700863.280774168 7665666.284332922, 700941.3881353684 7665601.272444894, 700012.9748371815 7665996.419451488, 700032.2963466351 7665956.427727856, 701019.4954965656 7665536.260556868, 701097.602857766 7665471.248668839, 700056.0618338354 7665914.544578813, 700079.8273210357 7665872.66142977, 701175.7102189647 7665406.236780812, 701253.8175801656 7665341.224892784, 700103.592808236 7665830.778280728, 700127.3582954369 7665788.895131683, 701331.9249413621 7665276.213004759, 701343.2666465112 7665239.617608806, 700151.1237826373 7665747.01198264, 700174.8892698375 7665705.128833598, 701335.0162959283 7665211.36089369, 701326.765945345 7665183.104178573, 700198.654757038 7665663.245684555, 700222.4202442382 7665621.362535512, 701318.5155947622 7665154.847463456)
13596.3528916
MULTIPOINT (700660.0846590155 7665784.535922254, 700785.1734129706 7665731.296220948, 700863.280774168 7665666.284332922, 700336.5297481021 7665890.47768687, 700012.9748371815 7665996.419451488, 700941.3881353684 7665601.272444894, 701019.4954965656 7665536.260556868, 700032.2963466351 7665956.427727856, 700056.0618338354 7665914.544578813, 701097.602857766 7665471.248668839, 701175.7102189647 7665406.236780812, 700079.8273210357 7665872.66142977, 700103.592808236 7665830.778280728, 701253.8175801656 7665341.224892784, 701331.9249413621 7665276.213004759, 700127.3582954369 7665788.895131683, 700151.1237826373 7665747.01198264, 701343.2666465112 7665239.617608806, 701335.0162959283 7665211.36089369, 700174.8892698375 7665705.128833598, 700198.654757038 7665663.245684555, 701326.765945345 7665183.104178573, 701318.5155947622 7665154.847463456, 700222.4202442382 7665621.362535512)
13644.6855404
MULTIPOINT (701318.5155947622 7665154.847463456, 700222.4202442382 7665621.362535512, 700198.654757038 7665663.245684555, 701326.765945345 7665183.104178573, 701335.0162959283 7665211.36089369, 700174.8892698375 7665705.128833598, 700151.1237826373 7665747.01198264, 701343.2666465112 7665239.617608806, 701331.9249413621 7665276.213004759, 700127.3582954369 7665788.895131683, 700103.592808236 7665830.778280728, 701253.8175801656 7665341.224892784, 701175.7102189647 7665406.236780812, 700079.8273210357 7665872.66142977, 700056.0618338354 7665914.544578813, 701097.602857766 7665471.248668839, 701019.4954965656 7665536.260556868, 700032.2963466351 7665956.427727856, 700012.9748371815 7665996.419451488, 700941.3881353684 7665601.272444894, 700863.280774168 7665666.284332922, 700336.5297481021 7665890.47768687, 700660.0846590155 7665784.535922254, 700785.1734129706 7665731.296220948)
13596.3528916
MULTIPOINT (700222.4202442382 7665621.362535512, 701318.5155947622 7665154.847463456, 701326.765945345 7665183.104178573, 700198.654757038 7665663.245684555, 700174.8892698375 7665705.128833598, 701335.0162959283 7665211.36089369, 701343.2666465112 7665239.617608806, 700151.1237826373 7665747.01198264, 700127.3582954369 7665788.895131683, 701331.9249413621 7665276.213004759, 701253.8175801656 7665341.224892784, 700103.592808236 7665830.778280728, 700079.8273210357 7665872.66142977, 701175.7102189647 7665406.236780812, 701097.602857766 7665471.248668839, 700056.0618338354 7665914.544578813, 700032.2963466351 7665956.427727856, 701019.4954965656 7665536.260556868, 700941.3881353684 7665601.272444894, 700012.9748371815 7665996.419451488, 700336.5297481021 7665890.47768687, 700863.280774168 7665666.284332922, 700785.1734129706 7665731.296220948, 700660.0846590155 7665784.535922254)
13644.6855404



5
[(700852.2827524517, 7668502.20199048), (700710.8252220487, 7668184.957326155), (701132.0707530836, 7668094.703511205), (701358.6477088892, 7668483.603484096), (701364.5401245442, 7668566.572106771), (700852.2827524517, 7668502.20199048)]
194.833141396
28
MULTIPOINT (701139.6834264608 7668107.770014193, 701096.4444374719 7668102.336615083, 701009.7736456066 7668120.906235493, 701158.2033440692 7668139.557869362, 701176.7232616782 7668171.345724532, 700923.102853738 7668139.475855903, 700836.4320618691 7668158.045476314, 701195.2431792878 7668203.133579703, 701213.7630968962 7668234.921434873, 700749.7612700037 7668176.615096724, 700718.4896209772 7668202.146157731, 701232.2830145047 7668266.709290043, 701250.8029321138 7668298.497145213, 700732.4056802228 7668233.355493364, 700746.3217394679 7668264.564828996, 701269.3228497222 7668330.285000382, 701287.8427673313 7668362.072855553, 700760.2377987135 7668295.774164628, 700774.1538579591 7668326.983500261, 701306.3626849403 7668393.860710723, 701324.8826025482 7668425.648565892, 700788.0699172039 7668358.192835891, 700801.9859764493 7668389.402171523, 701343.4025201573 7668457.436421062, 701359.0210031105 7668488.859682775, 700815.9020356949 7668420.611507156, 700829.8180949405 7668451.820842789, 701361.1321330634 7668518.585614337, 701363.2432630162 7668548.311545895, 700843.7341541856 7668483.030178419)
7210.00057385
MULTIPOINT (701096.4444374719 7668102.336615083, 701139.6834264608 7668107.770014193, 701158.2033440692 7668139.557869362, 701009.7736456066 7668120.906235493, 700923.102853738 7668139.475855903, 701176.7232616782 7668171.345724532, 701195.2431792878 7668203.133579703, 700836.4320618691 7668158.045476314, 700749.7612700037 7668176.615096724, 701213.7630968962 7668234.921434873, 701232.2830145047 7668266.709290043, 700718.4896209772 7668202.146157731, 700732.4056802228 7668233.355493364, 701250.8029321138 7668298.497145213, 701269.3228497222 7668330.285000382, 700746.3217394679 7668264.564828996, 700760.2377987135 7668295.774164628, 701287.8427673313 7668362.072855553, 701306.3626849403 7668393.860710723, 700774.1538579591 7668326.983500261, 700788.0699172039 7668358.192835891, 701324.8826025482 7668425.648565892, 701343.4025201573 7668457.436421062, 700801.9859764493 7668389.402171523, 700815.9020356949 7668420.611507156, 701359.0210031105 7668488.859682775, 701361.1321330634 7668518.585614337, 700829.8180949405 7668451.820842789, 700843.7341541856 7668483.030178419, 701363.2432630162 7668548.311545895)
7205.50033846
MULTIPOINT (700843.7341541856 7668483.030178419, 701363.2432630162 7668548.311545895, 701361.1321330634 7668518.585614337, 700829.8180949405 7668451.820842789, 700815.9020356949 7668420.611507156, 701359.0210031105 7668488.859682775, 701343.4025201573 7668457.436421062, 700801.9859764493 7668389.402171523, 700788.0699172039 7668358.192835891, 701324.8826025482 7668425.648565892, 701306.3626849403 7668393.860710723, 700774.1538579591 7668326.983500261, 700760.2377987135 7668295.774164628, 701287.8427673313 7668362.072855553, 701269.3228497222 7668330.285000382, 700746.3217394679 7668264.564828996, 700732.4056802228 7668233.355493364, 701250.8029321138 7668298.497145213, 701232.2830145047 7668266.709290043, 700718.4896209772 7668202.146157731, 700749.7612700037 7668176.615096724, 701213.7630968962 7668234.921434873, 701195.2431792878 7668203.133579703, 700836.4320618691 7668158.045476314, 700923.102853738 7668139.475855903, 701176.7232616782 7668171.345724532, 701158.2033440692 7668139.557869362, 701009.7736456066 7668120.906235493, 701096.4444374719 7668102.336615083, 701139.6834264608 7668107.770014193)
7210.00057385
MULTIPOINT (701363.2432630162 7668548.311545895, 700843.7341541856 7668483.030178419, 700829.8180949405 7668451.820842789, 701361.1321330634 7668518.585614337, 701359.0210031105 7668488.859682775, 700815.9020356949 7668420.611507156, 700801.9859764493 7668389.402171523, 701343.4025201573 7668457.436421062, 701324.8826025482 7668425.648565892, 700788.0699172039 7668358.192835891, 700774.1538579591 7668326.983500261, 701306.3626849403 7668393.860710723, 701287.8427673313 7668362.072855553, 700760.2377987135 7668295.774164628, 700746.3217394679 7668264.564828996, 701269.3228497222 7668330.285000382, 701250.8029321138 7668298.497145213, 700732.4056802228 7668233.355493364, 700718.4896209772 7668202.146157731, 701232.2830145047 7668266.709290043, 701213.7630968962 7668234.921434873, 700749.7612700037 7668176.615096724, 700836.4320618691 7668158.045476314, 701195.2431792878 7668203.133579703, 701176.7232616782 7668171.345724532, 700923.102853738 7668139.475855903, 701009.7736456066 7668120.906235493, 701158.2033440692 7668139.557869362, 701139.6834264608 7668107.770014193, 701096.4444374719 7668102.336615083)
7205.50033846



6
[(701946.1049104198, 7668286.415275246), (702298.7230734408, 7668279.355915008), (702487.1392437022, 7668429.202233138), (702219.9948014524, 7668508.507379683), (701946.1049104198, 7668286.415275246)]
67.6100901841
14
MULTIPOINT (702264.4787869469 7668495.301755942, 702205.173464256 7668496.489039188, 702169.9868024482 7668467.956844226, 702370.0861915092 7668463.950885887, 702475.6935960716 7668432.600015831, 702134.8001406403 7668439.424649265, 702099.6134788333 7668410.892454303, 702455.1663140209 7668403.77434239, 702419.3069776 7668375.255614269, 702064.4268170267 7668382.360259342, 702029.2401552191 7668353.828064381, 702383.447641179 7668346.736886148, 702347.5883047569 7668318.218158026, 701994.0534934113 7668325.295869419, 701958.8668316035 7668296.763674458, 702311.7289683348 7668289.699429905)
2754.81193608
MULTIPOINT (702205.173464256 7668496.489039188, 702264.4787869469 7668495.301755942, 702370.0861915092 7668463.950885887, 702169.9868024482 7668467.956844226, 702134.8001406403 7668439.424649265, 702475.6935960716 7668432.600015831, 702455.1663140209 7668403.77434239, 702099.6134788333 7668410.892454303, 702064.4268170267 7668382.360259342, 702419.3069776 7668375.255614269, 702383.447641179 7668346.736886148, 702029.2401552191 7668353.828064381, 701994.0534934113 7668325.295869419, 702347.5883047569 7668318.218158026, 702311.7289683348 7668289.699429905, 701958.8668316035 7668296.763674458)
2744.89855411
MULTIPOINT (702311.7289683348 7668289.699429905, 701958.8668316035 7668296.763674458, 701994.0534934113 7668325.295869419, 702347.5883047569 7668318.218158026, 702383.447641179 7668346.736886148, 702029.2401552191 7668353.828064381, 702064.4268170267 7668382.360259342, 702419.3069776 7668375.255614269, 702455.1663140209 7668403.77434239, 702099.6134788333 7668410.892454303, 702134.8001406403 7668439.424649265, 702475.6935960716 7668432.600015831, 702370.0861915092 7668463.950885887, 702169.9868024482 7668467.956844226, 702205.173464256 7668496.489039188, 702264.4787869469 7668495.301755942)
2754.81193608
MULTIPOINT (701958.8668316035 7668296.763674458, 702311.7289683348 7668289.699429905, 702347.5883047569 7668318.218158026, 701994.0534934113 7668325.295869419, 702029.2401552191 7668353.828064381, 702383.447641179 7668346.736886148, 702419.3069776 7668375.255614269, 702064.4268170267 7668382.360259342, 702099.6134788333 7668410.892454303, 702455.1663140209 7668403.77434239, 702475.6935960716 7668432.600015831, 702134.8001406403 7668439.424649265, 702169.9868024482 7668467.956844226, 702370.0861915092 7668463.950885887, 702264.4787869469 7668495.301755942, 702205.173464256 7668496.489039188)
2744.89855411



7
[(702785.3599647238, 7667981.361993945), (702740.2882478536, 7667732.54227744), (703272.001135498, 7667942.524508318), (702785.3599647238, 7667981.361993945)]
61.4181951539
14
MULTIPOINT (702783.9314753274 7667973.475976918, 702800.7834231725 7667980.131090393, 702866.9853252671 7667974.847699723, 702777.7999896111 7667939.626932694, 702771.6685038948 7667905.777888467, 702933.1872273638 7667969.564309053, 702999.3891294559 7667964.280918384, 702765.5370181791 7667871.928844243, 702759.4055324629 7667838.079800018, 703065.5910315502 7667958.997527715, 703131.7929336465 7667953.714137045, 702753.2740467468 7667804.230755793, 702747.1425610306 7667770.381711568, 703197.9948357404 7667948.430746376, 703264.1967378336 7667943.147355705, 702741.0110753148 7667736.532667344)
2691.34664284
MULTIPOINT (702800.7834231725 7667980.131090393, 702783.9314753274 7667973.475976918, 702777.7999896111 7667939.626932694, 702866.9853252671 7667974.847699723, 702933.1872273638 7667969.564309053, 702771.6685038948 7667905.777888467, 702765.5370181791 7667871.928844243, 702999.3891294559 7667964.280918384, 703065.5910315502 7667958.997527715, 702759.4055324629 7667838.079800018, 702753.2740467468 7667804.230755793, 703131.7929336465 7667953.714137045, 703197.9948357404 7667948.430746376, 702747.1425610306 7667770.381711568, 702741.0110753148 7667736.532667344, 703264.1967378336 7667943.147355705)
2659.33414596
MULTIPOINT (702741.0110753148 7667736.532667344, 703264.1967378336 7667943.147355705, 703197.9948357404 7667948.430746376, 702747.1425610306 7667770.381711568, 702753.2740467468 7667804.230755793, 703131.7929336465 7667953.714137045, 703065.5910315502 7667958.997527715, 702759.4055324629 7667838.079800018, 702765.5370181791 7667871.928844243, 702999.3891294559 7667964.280918384, 702933.1872273638 7667969.564309053, 702771.6685038948 7667905.777888467, 702777.7999896111 7667939.626932694, 702866.9853252671 7667974.847699723, 702800.7834231725 7667980.131090393, 702783.9314753274 7667973.475976918)
2691.34664284
MULTIPOINT (703264.1967378336 7667943.147355705, 702741.0110753148 7667736.532667344, 702747.1425610306 7667770.381711568, 703197.9948357404 7667948.430746376, 703131.7929336465 7667953.714137045, 702753.2740467468 7667804.230755793, 702759.4055324629 7667838.079800018, 703065.5910315502 7667958.997527715, 702999.3891294559 7667964.280918384, 702765.5370181791 7667871.928844243, 702771.6685038948 7667905.777888467, 702933.1872273638 7667969.564309053, 702866.9853252671 7667974.847699723, 702777.7999896111 7667939.626932694, 702783.9314753274 7667973.475976918, 702800.7834231725 7667980.131090393)
2659.33414596



8
[(701446.4249436768, 7667646.509460401), (701371.611939241, 7667219.274173256), (701727.240584987, 7667126.250587779), (701751.4818119816, 7667590.1996684475), (701446.4249436768, 7667646.509460401)]
150.896176273
22
MULTIPOINT (701391.5545410329 7667214.057685932, 701400.4241920975 7667383.81256087, 701442.1430344025 7667622.056723178, 701420.4305287403 7667206.504447624, 701449.3065164486 7667198.951209315, 701472.4404159161 7667641.70732027, 701501.4314495282 7667636.355927658, 701478.182504157 7667191.397971006, 701507.0584918653 7667183.844732697, 701530.4224831406 7667631.004535046, 701559.413516752 7667625.653142435, 701535.9344795727 7667176.291494388, 701564.8104672801 7667168.738256079, 701588.4045503632 7667620.301749824, 701617.3955839756 7667614.950357212, 701593.6864549884 7667161.18501777, 701622.5624426967 7667153.631779461, 701646.3866175876 7667609.5989646, 701675.3776512 7667604.247571988, 701651.4384304051 7667146.078541152, 701680.3144181125 7667138.525302844, 701704.3686848114 7667598.896179377, 701733.3597184236 7667593.544786765, 701709.1904058208 7667130.972064535)
5657.43529377
MULTIPOINT (701400.4241920975 7667383.81256087, 701391.5545410329 7667214.057685932, 701420.4305287403 7667206.504447624, 701442.1430344025 7667622.056723178, 701472.4404159161 7667641.70732027, 701449.3065164486 7667198.951209315, 701478.182504157 7667191.397971006, 701501.4314495282 7667636.355927658, 701530.4224831406 7667631.004535046, 701507.0584918653 7667183.844732697, 701535.9344795727 7667176.291494388, 701559.413516752 7667625.653142435, 701588.4045503632 7667620.301749824, 701564.8104672801 7667168.738256079, 701593.6864549884 7667161.18501777, 701617.3955839756 7667614.950357212, 701646.3866175876 7667609.5989646, 701622.5624426967 7667153.631779461, 701651.4384304051 7667146.078541152, 701675.3776512 7667604.247571988, 701704.3686848114 7667598.896179377, 701680.3144181125 7667138.525302844, 701709.1904058208 7667130.972064535, 701733.3597184236 7667593.544786765)
5452.04475242
MULTIPOINT (701709.1904058208 7667130.972064535, 701733.3597184236 7667593.544786765, 701704.3686848114 7667598.896179377, 701680.3144181125 7667138.525302844, 701651.4384304051 7667146.078541152, 701675.3776512 7667604.247571988, 701646.3866175876 7667609.5989646, 701622.5624426967 7667153.631779461, 701593.6864549884 7667161.18501777, 701617.3955839756 7667614.950357212, 701588.4045503632 7667620.301749824, 701564.8104672801 7667168.738256079, 701535.9344795727 7667176.291494388, 701559.413516752 7667625.653142435, 701530.4224831406 7667631.004535046, 701507.0584918653 7667183.844732697, 701478.182504157 7667191.397971006, 701501.4314495282 7667636.355927658, 701472.4404159161 7667641.70732027, 701449.3065164486 7667198.951209315, 701420.4305287403 7667206.504447624, 701442.1430344025 7667622.056723178, 701400.4241920975 7667383.81256087, 701391.5545410329 7667214.057685932)
5657.43529377
MULTIPOINT (701733.3597184236 7667593.544786765, 701709.1904058208 7667130.972064535, 701680.3144181125 7667138.525302844, 701704.3686848114 7667598.896179377, 701675.3776512 7667604.247571988, 701651.4384304051 7667146.078541152, 701622.5624426967 7667153.631779461, 701646.3866175876 7667609.5989646, 701617.3955839756 7667614.950357212, 701593.6864549884 7667161.18501777, 701564.8104672801 7667168.738256079, 701588.4045503632 7667620.301749824, 701559.413516752 7667625.653142435, 701535.9344795727 7667176.291494388, 701507.0584918653 7667183.844732697, 701530.4224831406 7667631.004535046, 701501.4314495282 7667636.355927658, 701478.182504157 7667191.397971006, 701449.3065164486 7667198.951209315, 701472.4404159161 7667641.70732027, 701442.1430344025 7667622.056723178, 701420.4305287403 7667206.504447624, 701391.5545410329 7667214.057685932, 701400.4241920975 7667383.81256087)
5452.04475242



9
[(702386.6204953763, 7669031.02587819), (702399.3323855596, 7668842.987891078), (702624.832409533, 7668658.115413904), (702610.8488606338, 7668903.287056893), (702386.6204953763, 7669031.02587819)]
46.6203433175
10
MULTIPOINT (702612.7338393277 7668870.23798425, 702484.910465847 7668975.031869765, 702387.5660071188 7669017.039592728, 702614.9954596672 7668830.585305345, 702617.2570800065 7668790.932626442, 702390.2712237934 7668977.023238682, 702392.9764404679 7668937.006884635, 702619.518700346 7668751.279947538, 702621.7803206855 7668711.627268634, 702395.6816571424 7668896.990530588, 702398.3868738168 7668856.974176542, 702624.0419410249 7668671.974589729)
1895.67811844
MULTIPOINT (702484.910465847 7668975.031869765, 702612.7338393277 7668870.23798425, 702614.9954596672 7668830.585305345, 702387.5660071188 7669017.039592728, 702390.2712237934 7668977.023238682, 702617.2570800065 7668790.932626442, 702619.518700346 7668751.279947538, 702392.9764404679 7668937.006884635, 702395.6816571424 7668896.990530588, 702621.7803206855 7668711.627268634, 702624.0419410249 7668671.974589729, 702398.3868738168 7668856.974176542)
1829.37358137
MULTIPOINT (702624.0419410249 7668671.974589729, 702398.3868738168 7668856.974176542, 702395.6816571424 7668896.990530588, 702621.7803206855 7668711.627268634, 702619.518700346 7668751.279947538, 702392.9764404679 7668937.006884635, 702390.2712237934 7668977.023238682, 702617.2570800065 7668790.932626442, 702614.9954596672 7668830.585305345, 702387.5660071188 7669017.039592728, 702484.910465847 7668975.031869765, 702612.7338393277 7668870.23798425)
1895.67811844
MULTIPOINT (702398.3868738168 7668856.974176542, 702624.0419410249 7668671.974589729, 702621.7803206855 7668711.627268634, 702395.6816571424 7668896.990530588, 702392.9764404679 7668937.006884635, 702619.518700346 7668751.279947538, 702617.2570800065 7668790.932626442, 702390.2712237934 7668977.023238682, 702387.5660071188 7669017.039592728, 702614.9954596672 7668830.585305345, 702612.7338393277 7668870.23798425, 702484.910465847 7668975.031869765)
1829.37358137



10
[(702882.9280736465, 7668574.348031167), (703096.4270623291, 7668825.687147508), (702810.8349161294, 7669025.398350539), (702724.8414302716, 7668879.420082176), (702882.9280736465, 7668574.348031167)]
81.8650205453
20
MULTIPOINT (703093.8616155578 7668827.48113403, 703095.4110535583 7668824.491063404, 703074.9629202597 7668800.41874444, 703042.2295833761 7668863.586802198, 702990.5975511925 7668899.692470366, 703054.5147869602 7668776.346425475, 703034.0666536622 7668752.274106511, 702938.9655190124 7668935.798138533, 702887.3334868307 7668971.9038067, 703013.6185203634 7668728.201787546, 702993.1703870648 7668704.129468583, 702835.7014546492 7669008.009474867, 702801.7553244582 7669009.985286905, 702972.7222537661 7668680.057149618, 702952.2741204675 7668655.984830654, 702784.240318934 7668980.252683891, 702766.7253134095 7668950.520080877, 702931.8259871688 7668631.91251169, 702911.37785387 7668607.840192725, 702749.2103078852 7668920.787477863, 702731.6953023607 7668891.054874849, 702890.929720571 7668583.76787376)
3218.04416112
MULTIPOINT (703095.4110535583 7668824.491063404, 703093.8616155578 7668827.48113403, 703042.2295833761 7668863.586802198, 703074.9629202597 7668800.41874444, 703054.5147869602 7668776.346425475, 702990.5975511925 7668899.692470366, 702938.9655190124 7668935.798138533, 703034.0666536622 7668752.274106511, 703013.6185203634 7668728.201787546, 702887.3334868307 7668971.9038067, 702835.7014546492 7669008.009474867, 702993.1703870648 7668704.129468583, 702972.7222537661 7668680.057149618, 702801.7553244582 7669009.985286905, 702784.240318934 7668980.252683891, 702952.2741204675 7668655.984830654, 702931.8259871688 7668631.91251169, 702766.7253134095 7668950.520080877, 702749.2103078852 7668920.787477863, 702911.37785387 7668607.840192725, 702890.929720571 7668583.76787376, 702731.6953023607 7668891.054874849)
3247.04443632
MULTIPOINT (702890.929720571 7668583.76787376, 702731.6953023607 7668891.054874849, 702749.2103078852 7668920.787477863, 702911.37785387 7668607.840192725, 702931.8259871688 7668631.91251169, 702766.7253134095 7668950.520080877, 702784.240318934 7668980.252683891, 702952.2741204675 7668655.984830654, 702972.7222537661 7668680.057149618, 702801.7553244582 7669009.985286905, 702835.7014546492 7669008.009474867, 702993.1703870648 7668704.129468583, 703013.6185203634 7668728.201787546, 702887.3334868307 7668971.9038067, 702938.9655190124 7668935.798138533, 703034.0666536622 7668752.274106511, 703054.5147869602 7668776.346425475, 702990.5975511925 7668899.692470366, 703042.2295833761 7668863.586802198, 703074.9629202597 7668800.41874444, 703095.4110535583 7668824.491063404, 703093.8616155578 7668827.48113403)
3218.04416112
MULTIPOINT (702731.6953023607 7668891.054874849, 702890.929720571 7668583.76787376, 702911.37785387 7668607.840192725, 702749.2103078852 7668920.787477863, 702766.7253134095 7668950.520080877, 702931.8259871688 7668631.91251169, 702952.2741204675 7668655.984830654, 702784.240318934 7668980.252683891, 702801.7553244582 7669009.985286905, 702972.7222537661 7668680.057149618, 702993.1703870648 7668704.129468583, 702835.7014546492 7669008.009474867, 702887.3334868307 7668971.9038067, 703013.6185203634 7668728.201787546, 703034.0666536622 7668752.274106511, 702938.9655190124 7668935.798138533, 702990.5975511925 7668899.692470366, 703054.5147869602 7668776.346425475, 703074.9629202597 7668800.41874444, 703042.2295833761 7668863.586802198, 703093.8616155578 7668827.48113403, 703095.4110535583 7668824.491063404)
3247.04443632
