-1.000000 1235.197181 1196.537193 639.054645 1297.570531 1534.244683 1512.632323 777.936361 1697.766572 2307.227395 2098.017615 2265.760599 1345.632053 1047.184404 1182.443694 386.552240 1530.390364 2940.863045 2944.079849 3372.717094 3344.583493 3323.029396 3314.633782 3129.517848 3087.018822 2958.736014 2971.134423 2722.955825 3140.130404 2017.025445 2183.712760 1910.330585 2373.121004 3762.114960 3835.655117 3573.016647 3702.875140 3866.984750 3864.755404 3567.932078 3812.786013
7324.802536 -1.000000 -1.000000 -1.000000 -1.000000 8170.058648 8146.578384 7702.136598 8540.429910 9456.867960 9230.173459 9439.993827 8410.824718 8304.944789 8440.101993 7710.227328 8829.344654 9767.377721 9779.451239 10230.402610 10107.332729 9913.729318 9916.786962 9707.421972 9737.861544 9427.810764 9437.169138 9187.042671 9516.993492 8849.070324 8999.350012 8651.446229 9088.162339 10298.417179 10395.612328 10101.699490 10275.123325 10324.740138 10322.138518 10047.387369 10330.141630
7991.638290 -1.000000 -1.000000 -1.000000 -1.000000 8397.406566 8375.978189 8219.812081 8900.334131 10004.654871 9770.270775 10005.587335 8936.881403 8940.740912 9073.677420 8376.803903 9481.658722 10044.079009 10063.705149 10520.612062 10312.960373 9954.526531 9969.447471 9743.564716 9847.962089 9358.425125 9363.791056 9126.364696 9333.778979 9176.668852 9303.231247 8916.303149 9295.733098 10267.274586 10386.909325 10068.949207 10283.338071 10205.622338 10202.678207 9962.077769 10277.326891
7920.945073 -1.000000 -1.000000 -1.000000 -1.000000 8031.494365 8010.683376 7958.896263 8555.283723 9725.727039 9488.610914 9738.599087 8658.178383 8756.192813 8883.613844 8302.111843 9317.937359 9675.403641 9695.998292 10152.653613 9937.405705 9583.038047 9596.848869 9372.125738 9471.658328 9001.601380 9007.803605 8766.675915 9006.676427 8820.909375 8941.833545 8550.951383 8921.873700 9906.368308 10022.600309 9707.817422 9916.366876 9863.575013 9860.710724 9611.051348 9920.435660
7890.604952 -1.000000 -1.000000 -1.000000 -1.000000 8017.852426 7996.770339 7929.258940 8535.753279 9698.148199 9461.190309 9710.163179 8630.226040 8724.387236 8851.918266 8271.265554 9285.958730 9663.308372 9683.455875 10140.256785 9930.159225 9586.393594 9599.407531 9375.568796 9470.170855 9012.065321 9018.562366 8776.208539 9025.404992 8804.079219 8926.755678 8537.242426 8912.920228 9914.931011 10029.706886 9716.348691 9922.244267 9878.189703 9875.347854 9623.169301 9930.496941
11075.544227 11570.756237 11532.799048 11313.996573 11823.352188 -1.000000 -1.000000 -1.000000 -1.000000 12082.811550 11849.381346 12084.551008 11017.450931 11179.313273 11286.678616 11192.584012 11750.563135 12465.560411 12470.407022 12905.690742 12864.278185 12877.859503 12864.995376 12692.275229 12623.076567 12589.638592 12603.920047 12365.104083 12842.556234 11538.921808 11704.523416 11436.414350 11899.548852 13337.133583 13398.652715 13154.252515 13261.686377 13487.468872 13485.527919 13178.525495 13397.229991
11990.224370 12161.993629 12134.143318 12147.139816 12498.724170 -1.000000 -1.000000 -1.000000 -1.000000 11700.050615 11478.789314 11777.577253 10971.943491 11641.610033 11664.425587 12044.204722 12070.859561 11540.253281 11546.750456 11989.237395 11942.369700 12079.355232 12054.437118 11922.866650 11775.511945 11998.292244 12015.589990 11824.054322 12378.274279 10612.269389 10778.528949 10633.452539 11037.902800 12575.548194 12607.011681 12413.129092 12462.958762 12820.146423 12818.872726 12503.024530 12655.499320
11831.852549 11643.354340 11621.392533 11781.918623 12000.946673 -1.000000 -1.000000 -1.000000 -1.000000 12276.159070 12045.757735 12338.597942 11360.031541 11884.311300 11953.328507 12015.103429 12409.664301 11944.798689 11963.962750 12420.891647 12242.819371 12089.140319 12083.410592 11893.361951 11876.167572 11762.478268 11776.929383 11540.441988 12037.994325 11102.304530 11210.309951 10817.070784 11219.342370 12526.675832 12599.111950 12339.341080 12467.050350 12660.297220 12658.331265 12352.418081 12580.666177
11805.090121 11617.393282 11595.160378 11753.288290 11974.368228 -1.000000 -1.000000 -1.000000 -1.000000 12276.792466 12045.661102 12337.696705 11351.879351 11868.287686 11938.835597 11990.746721 12396.304149 11961.450322 11980.402970 12437.338440 12260.848650 12106.317100 12100.814656 11910.180367 11894.273733 11774.944461 11789.279632 11551.817293 12046.118371 11114.889040 11225.004918 10832.941781 11237.459593 12542.691728 12615.746641 12355.036331 12483.924172 12673.841291 12671.858960 12366.445869 12596.172124
8847.903428 9634.994025 9598.238249 9336.388765 9893.662406 8623.132906 8627.381737 8369.085972 8067.262285 -1.000000 -1.000000 -1.000000 -1.000000 7840.292212 7721.415219 8624.816088 7689.070094 8400.501669 8369.109672 8558.571724 8885.305332 9481.658849 9436.028186 9398.152516 9118.921145 9655.581292 9673.677095 9525.196090 10087.632442 8078.280862 8152.459812 8358.218973 8543.924442 9988.111339 9960.102027 9874.553297 9816.795419 10347.326773 10346.919977 10043.346375 10093.627162
7124.875453 7751.673892 7715.401682 7504.320227 8022.057045 6841.667075 6838.664953 6499.086466 6458.729093 -1.000000 -1.000000 -1.000000 -1.000000 6470.487897 6476.089882 7042.093369 6880.611323 7509.496713 7501.596640 7887.871712 7972.983448 8232.392241 8203.861821 8083.805431 7912.401318 8155.783261 8172.762705 7970.162640 8513.842689 6691.072993 6851.400976 6797.800040 7185.848855 8734.249328 8758.096406 8575.807378 8612.798068 8986.414505 8985.138112 8669.289634 8817.234123
8889.370225 9622.121977 9586.223269 9353.262898 9892.729942 8560.694033 8566.477498 8367.346513 7989.735647 -1.000000 -1.000000 -1.000000 -1.000000 7907.792426 7796.505171 8686.825210 7808.052785 8256.618909 8224.646647 8410.555582 8739.861436 9348.717462 9302.232402 9270.074068 8985.231446 9542.357499 9560.472862 9418.848917 9980.700606 7974.910828 8038.534294 8266.212234 8427.232788 9853.552108 9822.685677 9743.244741 9679.912818 10218.924518 10218.584393 9916.933649 9960.138482
7877.261015 8582.106423 8546.365951 8323.668969 8855.446416 7527.393270 7532.446705 7331.016880 6965.574917 -1.000000 -1.000000 -1.000000 -1.000000 6929.919778 6830.837151 7695.529775 6923.879314 7374.570439 7347.022523 7588.121825 7866.692713 8413.232553 8369.612937 8320.576245 8052.974545 8560.723761 8578.793630 8426.263271 8988.769148 6979.261706 7060.364357 7255.726331 7453.352548 8922.577052 8902.149223 8802.127059 8757.548660 9269.165780 9268.649730 8962.345284 9025.483304
13982.905132 15212.716843 15173.550686 14620.832328 15279.089036 15313.848455 15294.641815 14491.329037 15348.099816 15701.035272 15512.639267 15639.026151 14859.202860 -1.000000 -1.000000 -1.000000 -1.000000 16554.685621 16552.195901 16958.229986 16990.111729 17068.165277 17053.625024 16884.782556 16802.859898 16773.161101 16786.861548 16543.994641 16996.395744 15656.858031 15826.822444 15610.725064 16070.082926 17530.705136 17590.634541 17347.963514 17452.758495 17675.579727 17673.562921 17368.617644 17590.889499
15175.075904 16276.875008 16236.576512 15788.282303 16432.276504 15756.741975 15748.531892 15097.640809 15423.087304 14870.595496 14789.321454 14751.612805 14746.053463 -1.000000 -1.000000 -1.000000 -1.000000 16294.891928 16275.113390 16573.025117 16786.103639 17170.239360 17137.200786 17033.672517 16834.202433 17122.296420 17139.216378 16933.643500 17471.314473 15620.426628 15764.573130 15763.507488 16129.125302 17678.144449 17690.171915 17527.213155 17543.917960 17948.680431 17947.487948 17631.763194 17766.256759
14643.537296 15666.797813 15626.672369 15215.549789 15843.026044 15183.056326 15172.182780 14478.058298 14945.505127 14922.002488 14747.029269 14854.502274 14287.597388 -1.000000 -1.000000 -1.000000 -1.000000 15999.123176 15987.737888 16348.709906 16472.068471 16731.328328 16704.839898 16575.580785 16417.554674 16600.084546 16616.277060 16397.473055 16918.677693 15198.314075 15359.686035 15273.523089 15686.096175 17228.560554 17258.446147 17064.641624 17113.783822 17458.528733 17457.059082 17141.885878 17307.555152
14827.129234 15842.551493 15802.536047 15399.039642 16024.295201 15300.406181 15291.063340 14633.756290 15016.653329 14859.047882 14696.279291 14783.957930 14341.532022 -1.000000 -1.000000 -1.000000 -1.000000 16016.906361 16003.204124 16349.421828 16496.507365 16794.658861 16765.901509 16645.314329 16472.780908 16694.633714 16711.154086 16497.849756 17027.140720 15250.481499 15407.010253 15351.587164 15748.119025 17296.314771 17320.179197 17136.737983 17174.780641 17541.194983 17539.828915 17224.122536 17378.588413
10582.717668 10676.906295 10656.189600 10754.655293 11036.544877 9333.284354 9354.881216 9818.083450 8906.780171 9038.413326 9018.878998 9186.429469 9318.628885 9962.357588 9914.736862 10571.877669 10138.340150 -1.000000 -1.000000 -1.000000 -1.000000 8630.798203 8571.506408 8690.671217 8340.582768 9215.994375 9230.631499 9248.852763 9689.942626 8592.172185 8442.146332 8815.327851 8468.021999 9020.881512 8923.338063 9000.306639 8808.993755 9486.339752 9487.421131 9259.673175 9141.549551
10550.083831 10457.158152 10441.591805 10627.085176 10824.392953 9150.711843 9173.891191 9772.170657 8855.412241 9363.218944 9292.949651 9508.662841 9399.240386 10081.215918 10057.322163 10599.259175 10346.918437 -1.000000 -1.000000 -1.000000 -1.000000 8108.293508 8049.023922 8188.610383 7852.063380 8738.076904 8751.252823 8804.634195 9200.455930 8540.054530 8370.592742 8664.448806 8229.495336 8495.796170 8405.595147 8472.349128 8285.683154 8958.490795 8959.547197 8733.598197 8616.221421
10150.863618 10199.656323 10179.241187 10291.630403 10560.011824 8857.191397 8878.993098 9377.953119 8457.796057 8884.476653 8805.327613 9028.359413 8940.253886 9612.770858 9582.221395 10168.333303 9860.206961 -1.000000 -1.000000 -1.000000 -1.000000 8399.683495 8344.183761 8396.081964 8050.702694 8859.723743 8875.997241 8853.797218 9340.882417 8138.526709 7979.481010 8340.696127 7995.417103 8868.685271 8810.556388 8797.970033 8674.801327 9292.498231 9292.921507 9024.783631 8984.271406
10149.580188 10215.750739 10194.888455 10299.203686 10575.137728 8871.855223 8893.445511 9378.299494 8459.792996 8848.004156 8773.279461 8992.467181 8927.853578 9596.885335 9564.018922 10161.343348 9835.928188 -1.000000 -1.000000 -1.000000 -1.000000 8437.866292 8382.205989 8435.143098 8089.567229 8897.900281 8914.214934 8890.259061 9379.089825 8141.518196 7985.680130 8353.980513 8020.687556 8905.149144 8845.450008 8835.850471 8710.336528 9330.473269 9330.911964 9063.443687 9021.022821
5884.329784 5441.189783 5436.312973 5776.486016 5804.308893 4350.566021 4372.534506 5149.479298 4385.220788 5442.743175 5296.144780 5570.821623 5059.373966 5734.039830 5755.440724 6043.241600 6143.798913 3940.893326 3984.454695 4235.482579 3737.921981 -1.000000 -1.000000 -1.000000 -1.000000 3323.118614 3333.609670 3455.009476 3768.366667 4170.342274 4039.766182 4060.837137 3659.876727 3408.745377 3461.687020 3248.445090 3328.667520 3703.990865 3703.579401 3404.388537 3488.296832
5831.917376 5530.808991 5521.001650 5797.012206 5898.792885 4323.458260 4346.714490 5070.367255 4227.952701 5147.987170 5018.629698 5281.676870 4878.056471 5566.100336 5572.993922 5951.405561 5934.415446 3585.600674 3628.965445 3875.480749 3391.461596 -1.000000 -1.000000 -1.000000 -1.000000 3631.039966 3644.387154 3706.983997 4097.278185 3967.230544 3815.103169 3937.126886 3483.390438 3614.619686 3603.251424 3508.600824 3456.947481 3997.844755 3997.986327 3720.148594 3719.806691
6077.841332 5652.102092 5647.137771 5982.793362 6015.270708 4546.344389 4568.671238 5335.063573 4541.709370 5521.386569 5388.801089 5654.327955 5207.960776 5889.787373 5904.785257 6226.624322 6280.365756 3944.494858 3987.177890 4175.609565 3657.605106 -1.000000 -1.000000 -1.000000 -1.000000 3491.108914 3498.467419 3650.810570 3896.876060 4305.161286 4162.646647 4227.815905 3801.355340 3266.533302 3282.761846 3155.435141 3140.478003 3648.242972 3648.575905 3387.478536 3367.112355
6059.532337 5655.999532 5650.238326 5975.937625 6020.278266 4530.701280 4553.255412 5312.286064 4506.877874 5464.988127 5335.268091 5598.783910 5169.516975 5853.385560 5866.114523 6202.170687 6237.413800 3879.081741 3921.604205 4106.404388 3588.422138 -1.000000 -1.000000 -1.000000 -1.000000 3524.964897 3533.173097 3674.767164 3939.769808 4263.649991 4118.095676 4197.701294 3763.680441 3297.884750 3299.205356 3199.041681 3153.898500 3693.224657 3693.638926 3436.186655 3402.855578
5414.302468 4772.274667 4773.487423 5192.641423 5123.643580 3934.180765 3950.706138 4758.842860 4222.943167 5528.052730 5338.366513 5634.399903 4882.265883 5492.466806 5544.510859 5638.988392 5980.304603 4335.143287 4376.105366 4730.198832 4290.480500 3587.345277 3621.215253 3391.544183 3653.432086 -1.000000 -1.000000 -1.000000 -1.000000 4138.417147 4077.558988 3887.740198 3709.092579 3832.286078 3956.047318 3634.073204 3863.003811 3837.938140 3835.572502 3551.743700 3845.906434
5799.464550 4980.262682 4990.671379 5490.579747 5299.045366 4399.720605 4412.994720 5204.282514 4745.150628 6057.891922 5868.859893 6164.823758 5393.933434 5981.658948 6041.789325 6059.376999 6485.963079 4790.215989 4832.923633 5139.276198 4654.289737 3801.398270 3854.205400 3672.888877 4011.713776 -1.000000 -1.000000 -1.000000 -1.000000 4668.901399 4605.228160 4413.664045 4229.583787 3792.427673 3952.420664 3629.379145 3918.185281 3559.923001 3556.694351 3400.767160 3746.572134
5650.082657 5007.200132 5009.344205 5433.409516 5355.704009 4156.217045 4173.833307 4983.377369 4397.181089 5651.561312 5472.827003 5764.785106 5067.886503 5695.078297 5741.294817 5868.154852 6168.957522 4341.069812 4383.746586 4697.340444 4223.923208 3427.643620 3471.412985 3259.653320 3577.488055 -1.000000 -1.000000 -1.000000 -1.000000 4277.357257 4195.273286 4056.953178 3808.507654 3604.303777 3736.587175 3407.911347 3655.303960 3599.851734 3597.572997 3310.947179 3610.411195
5630.468569 4981.389859 4983.828754 5410.755393 5329.057443 4138.655663 4156.155980 4965.646327 4382.466339 5637.664179 5458.884376 5750.868412 5052.853450 5679.258314 5725.802692 5849.842803 6153.864984 4325.330813 4368.048741 4679.965071 4205.086630 3402.989629 3447.608689 3238.131880 3558.822745 -1.000000 -1.000000 -1.000000 -1.000000 4263.327445 4181.372833 4042.318733 3794.606067 3569.088469 3703.174788 3373.396454 3624.101880 3555.937137 3553.621127 3269.664975 3572.874134
7567.765879 7522.638785 7500.609961 7623.133632 7879.670684 6176.898212 6197.919277 6796.241777 5998.430035 7341.504698 7133.918225 7433.511437 6675.991933 7334.605491 7364.336918 7671.807466 7776.257241 6788.130847 6805.915469 7262.762571 7116.383761 7130.439263 7110.238034 6963.460495 6849.663626 7023.041829 7040.419880 6853.828848 7411.765193 -1.000000 -1.000000 -1.000000 -1.000000 7617.393629 7658.009755 7449.540791 7515.949502 7847.288572 7845.954036 7530.166847 7692.971528
7825.165756 7688.170561 7670.897221 7854.459200 8053.710091 6373.779257 6397.046548 7053.985739 6197.489755 7297.134711 7126.153900 7413.826364 6858.650207 7541.788036 7555.478237 7925.774787 7936.484514 6237.461282 6267.231970 6710.066178 6476.039750 6498.588156 6470.826640 6357.109544 6190.536636 6569.205764 6587.316674 6469.790689 7022.294394 -1.000000 -1.000000 -1.000000 -1.000000 7002.284852 7024.728791 6850.731873 6879.810469 7288.771276 7287.913096 6975.366804 7089.178335
7674.460738 7792.596778 7767.446754 7820.757726 8140.036387 6462.131958 6479.866537 6898.749235 5977.246885 7050.203293 6857.453599 7153.573326 6569.264886 7259.396478 7263.231253 7717.940433 7633.176382 6585.961429 6593.453151 7039.606905 6991.989486 7207.784643 7176.186731 7072.965632 6879.767283 7243.445908 7261.428593 7104.505798 7667.002547 -1.000000 -1.000000 -1.000000 -1.000000 7715.155406 7730.225021 7566.504934 7584.320330 8002.853081 8001.923016 7688.255800 7804.129690
7635.757513 7708.130406 7684.732671 7765.646873 8061.208240 6364.746837 6384.591873 6858.960302 5938.115904 6908.436217 6733.165709 7022.361735 6524.202328 7215.377896 7214.369465 7682.514305 7571.932342 6221.525188 6232.224544 6684.190510 6617.137155 6859.879463 6825.241875 6736.998999 6522.249367 6955.971395 6974.083439 6838.257097 7397.938767 -1.000000 -1.000000 -1.000000 -1.000000 7370.157163 7377.684741 7228.727563 7231.408307 7677.333331 7676.575042 7365.549256 7463.030123
5468.694765 4917.747648 4917.959051 5311.629717 5270.559567 3937.411333 3958.256652 4752.322767 4016.349413 5056.780030 4918.561777 5188.088586 4692.242096 5363.966851 5387.730561 5647.288741 5778.205733 3483.647577 3526.028251 3685.984183 3162.526908 2296.301323 2349.821245 2389.311272 2659.380388 2612.242823 2609.740426 2838.404679 2865.723118 3804.747758 3672.360929 3687.783616 3294.365239 -1.000000 -1.000000 -1.000000 -1.000000 2390.564784 2391.107341 2176.764425 2139.779363
5532.248721 5059.992566 5057.550089 5418.749015 5418.643893 3998.816065 4020.839956 4793.452092 3999.874546 4927.143570 4807.678841 5064.026171 4662.928249 5346.804512 5359.468682 5685.779185 5728.606001 3294.174334 3334.209771 3428.366762 2909.556397 2215.039649 2238.373527 2403.229165 2541.422508 2793.330898 2794.141315 3001.030749 3088.224716 3756.258617 3608.737136 3687.887790 3257.139298 -1.000000 -1.000000 -1.000000 -1.000000 2525.473399 2527.154249 2392.614329 2164.419851
5657.793078 5116.298535 5116.541370 5508.347406 5468.884946 4124.746085 4145.912049 4935.203835 4178.768515 5167.087397 5039.011770 5301.646628 4850.684046 5527.885781 5547.307349 5830.030363 5929.137027 3554.362815 3595.326924 3706.559056 3185.973950 2407.399485 2448.664315 2549.611560 2765.399251 2808.635252 2805.432442 3036.617554 3028.771646 3953.398230 3813.790529 3855.636454 3445.918218 -1.000000 -1.000000 -1.000000 -1.000000 2378.702016 2380.518375 2295.000135 2016.447206
5665.028698 5166.225999 5165.012708 5539.238018 5522.215148 4130.877666 4152.662425 4930.418430 4143.927465 5069.916429 4952.279404 5207.332778 4808.226586 5491.466836 5504.867238 5823.655231 5874.859956 3429.929395 3469.323251 3542.711070 3029.468390 2357.323491 2383.680383 2536.248665 2687.726452 2874.614114 2873.214223 3094.074256 3122.460100 3902.163309 3755.013570 3829.948043 3402.057620 -1.000000 -1.000000 -1.000000 -1.000000 2455.945782 2458.160908 2393.234513 2090.055171
6785.976239 6143.347617 6147.145703 6579.683638 6486.054171 5272.854376 5292.032233 6098.961790 5428.610893 6552.834981 6401.146045 6679.247706 6108.090395 6763.577147 6797.481157 6990.308914 7205.121814 5032.827218 5075.987510 5267.716762 4746.142019 3850.710761 3909.332262 3867.620763 4193.294201 3837.644697 3828.374990 4078.441218 3959.477175 5248.864667 5131.548664 5090.775715 4741.366212 3617.366177 3781.905092 3499.130467 3781.284909 -1.000000 -1.000000 -1.000000 -1.000000
7059.830449 6481.732205 6483.473618 6891.438175 6830.303569 5530.102747 5550.758763 6346.666561 5610.085959 6625.040089 6493.284340 6758.528769 6285.035158 6958.246697 6980.947309 7241.581044 7368.615655 5021.315269 5062.566919 5178.593413 4657.765519 3859.344856 3905.001460 3980.529332 4221.952574 4166.108989 4160.584424 4401.604227 4334.282425 5393.738833 5258.029807 5282.580671 4884.178019 3367.813524 3507.726026 3491.145681 3582.090706 -1.000000 -1.000000 -1.000000 -1.000000
7085.028911 6395.871282 6402.166106 6857.036408 6729.598740 5580.733515 5599.427655 6407.905167 5745.732786 6854.825849 6707.966541 6983.228104 6425.215265 7080.220003 7114.553604 7297.270996 7522.039052 5300.541818 5343.017092 5494.383339 4971.034618 4111.475197 4166.370264 4167.223090 4470.990362 4126.549252 4114.647152 4364.635658 4118.633016 5563.461949 5443.332739 5407.897440 5054.770684 3701.068058 3844.616362 3712.930827 3914.143979 -1.000000 -1.000000 -1.000000 -1.000000
7111.799840 6422.007269 6428.324531 6883.435063 6755.654884 5607.767835 5626.445598 6434.964489 5773.459364 6883.485999 6736.450766 7011.821583 6452.939148 7107.750627 7142.187811 7324.254466 7549.846844 5329.965369 5372.456062 5524.464994 5001.091294 4140.808405 4195.784808 4195.811901 4500.132209 4153.270791 4141.331417 4391.270295 4144.404642 5591.532158 5471.574726 5435.563178 5082.912780 3731.884692 3875.831763 3742.473659 3944.825104 -1.000000 -1.000000 -1.000000 -1.000000
