-1.000000 961.439665 920.265543 1444.837041 952.126306 902.060126 925.826230 1160.579044 872.542832 1715.959697 1517.078010 1769.832531 2194.158219 2438.715570 2764.900561 3069.746045 2773.564543 2355.540198 2582.025679 2781.483208 2255.443542 1716.812946 1580.874244 2114.247786 1761.816259 3416.080391 3257.395354 3501.470421 2955.485584 3022.948600 3228.967257 3311.221279 2887.779673 1804.243609 1666.089012 1239.891544 2055.516551 897.891463 971.677597 385.017631 1016.698418
9701.555581 -1.000000 -1.000000 -1.000000 -1.000000 10354.178489 10379.584255 10492.765661 10135.967603 9680.532312 9480.678577 9267.818295 9815.129440 9250.680377 9585.635703 9881.636601 9592.780031 9227.037965 9459.697746 9801.966006 9316.901433 11068.996034 11002.351741 11518.750860 11345.380147 11575.090781 11437.225677 11372.825553 10854.416338 12012.320631 12231.837077 12416.954155 11980.542175 10863.324245 10782.193148 10236.132234 10759.605932 10598.967158 10673.084621 10071.069235 10699.918896
9209.701224 -1.000000 -1.000000 -1.000000 -1.000000 9604.610585 9628.722949 9705.029750 9354.680834 10140.522074 9912.859820 9903.708853 10445.142883 9959.345832 10228.074027 10576.406026 10336.725592 9768.283936 9978.387988 10107.233429 9586.254288 10878.789605 10761.924527 11298.007566 10971.484229 12045.150912 11894.598838 11959.966312 11416.543438 12069.328582 12284.388535 12409.435105 11975.060681 10849.692630 10731.922164 10220.359978 10936.200671 10025.313588 10101.065300 9587.014021 10202.929132
9218.158205 -1.000000 -1.000000 -1.000000 -1.000000 9978.418912 10004.276087 10163.795530 9809.467980 9459.921032 9233.239367 9241.966370 9770.688166 9759.342220 10105.260990 10385.178272 10076.628980 9748.488602 9981.196074 10290.301299 9780.669231 10557.333624 10483.687952 11004.601376 10821.017533 11372.630181 11224.214009 11275.866701 10732.460322 11574.194965 11793.139308 11957.715880 11519.908203 10391.664441 10298.770668 9755.104551 10363.380622 10112.052713 10184.382978 9570.038673 10191.240739
9177.840460 -1.000000 -1.000000 -1.000000 -1.000000 9932.470772 9958.328188 10117.519036 9763.220584 9493.262141 9265.928003 9287.022451 9813.214107 9793.717961 10136.693719 10420.974978 10115.124661 9772.269143 10004.802803 10303.678719 9790.789697 10543.104735 10465.954064 10989.033336 10795.383711 11402.976812 11253.872531 11313.457639 10769.140222 11577.424896 11796.130032 11956.821494 11518.978655 10389.406738 10293.802324 9751.710284 10374.642390 10073.138227 10145.775383 9533.268184 10156.685874
3174.703955 3921.201901 3874.069030 4250.172033 3461.579744 -1.000000 -1.000000 -1.000000 -1.000000 4881.203064 4673.729026 4865.190546 5335.347935 5160.888686 5411.755356 5770.775397 5540.406204 4934.994144 5125.777192 5129.429377 4656.419548 4481.820883 4298.005548 4755.363702 4182.453406 6572.823831 6413.668821 6676.135137 6130.132617 5921.117502 6106.031331 6113.309052 5728.589675 4773.704380 4622.068352 4318.693198 5146.148521 3065.058425 3106.600034 3175.108136 3365.131710
2886.667744 3566.874352 3519.770578 3893.373974 3111.230828 -1.000000 -1.000000 -1.000000 -1.000000 4561.721629 4348.949451 4519.817255 5000.650160 4812.848881 5072.387769 5427.103033 5190.050237 4600.482187 4797.363886 4832.075150 4344.244277 4378.381778 4206.083603 4698.459258 4180.614968 6302.727713 6144.058273 6373.918202 5825.415077 5785.515657 5979.777609 6015.579636 5613.832699 4600.703373 4452.622901 4094.179836 4920.551929 3053.774346 3113.930640 2983.856783 3336.494299
2916.185038 3735.825283 3689.020766 4111.584860 3361.160579 -1.000000 -1.000000 -1.000000 -1.000000 4631.700688 4429.973562 4649.442541 5101.016804 5057.950198 5331.381962 5679.035227 5428.932569 4866.439335 5068.966455 5122.226642 4628.330722 4204.119163 4022.876875 4492.143178 3940.364880 6293.494145 6134.282542 6411.017505 5867.108936 5638.045216 5824.871561 5838.966572 5449.687444 4485.292676 4333.833359 4031.622945 4858.570785 2810.729919 2861.596760 2886.973997 3106.849243
2939.951142 3761.682459 3714.878183 4136.990626 3385.272943 -1.000000 -1.000000 -1.000000 -1.000000 4655.681632 4454.341054 4674.895903 5125.807839 5082.595607 5355.325933 5703.396999 5453.849043 4889.874168 5091.959405 5142.846716 4649.908888 4212.605585 4030.542731 4496.867619 3940.807484 6313.751370 6154.533573 6433.490768 5889.837566 5648.565422 5834.651341 5846.584142 5458.666257 4499.004321 4347.354435 4049.451437 4876.017406 2812.506726 2861.578091 2904.314923 3109.892934
11425.476749 10640.892048 10685.091751 10666.743973 11301.778154 12290.961848 12316.415210 12506.709852 12161.336562 -1.000000 -1.000000 -1.000000 -1.000000 11079.955199 11443.395392 11558.659042 11203.360956 11332.355445 11528.571297 12006.584169 11613.039530 12133.406674 12137.446237 12575.808729 12614.525137 11980.804693 11849.354538 11762.081354 11242.610423 12720.513856 12934.872191 13173.910503 12755.624514 11739.573968 11713.048137 11225.861246 11431.181957 12228.653684 12290.618596 11679.833856 12209.955525
12157.806635 11477.618042 11519.287606 11522.059315 12151.216382 13050.540309 13075.331344 13284.871439 12950.173664 -1.000000 -1.000000 -1.000000 -1.000000 11770.173167 12104.284854 12133.700181 11790.918513 12088.390048 12260.387696 12768.301505 12418.401419 12510.955480 12556.671334 12924.760767 13082.510499 11790.547713 11671.364381 11521.688351 11015.217106 12820.352480 13023.900182 13297.576396 12905.919811 12021.682683 12035.973765 11643.731883 11574.661424 12881.565468 12935.917215 12354.741986 12813.743700
11371.603916 10858.846709 10891.331442 11079.457990 11538.591375 12273.219994 12297.200939 12522.722370 12203.240935 -1.000000 -1.000000 -1.000000 -1.000000 11621.812655 11986.704272 12097.394461 11742.413771 11855.064910 12059.167850 12521.066024 12098.080760 11690.327140 11723.070093 12117.320950 12239.509440 11574.030508 11429.067226 11491.751419 10942.488214 12178.133505 12391.926903 12634.797397 12220.207586 11241.091939 11234.553655 10804.253563 10889.966596 12046.977482 12098.785516 11532.374261 11967.877457
11480.726427 10940.169243 10972.001502 11187.608453 11618.933318 12379.497066 12403.864559 12623.252530 12298.472956 -1.000000 -1.000000 -1.000000 -1.000000 11809.572446 12180.166391 12322.575721 11967.774739 12009.554145 12221.697701 12664.823735 12224.391791 11975.387604 11986.681405 12415.558933 12478.875995 12105.087716 11958.459033 12025.782316 11477.131590 12594.865508 12811.771361 13037.453542 12613.523891 11579.001398 11550.769420 11069.682910 11307.159186 12197.036887 12252.654723 11667.977158 12140.319778
9238.398660 8297.112347 8332.052676 7793.570676 8487.483724 9833.562930 9857.924702 9925.303100 9581.630736 8610.402857 8527.579920 8071.667439 8338.704380 -1.000000 -1.000000 -1.000000 -1.000000 7037.632865 6925.808934 7342.150877 7460.314252 10464.536897 10431.850375 10916.694253 10832.482194 10068.365154 9976.207123 9600.997792 9244.454124 11131.790343 11344.276650 11589.228520 11171.630611 10135.416495 10091.938267 9569.248805 9844.717588 10135.760306 10209.928078 9605.719368 10231.163514
8938.715291 7985.061187 8022.700492 7501.212239 8244.301422 9579.958405 9604.874879 9691.432040 9341.076073 8251.920300 8169.277071 7712.867485 7992.420844 -1.000000 -1.000000 -1.000000 -1.000000 6930.788628 6919.116471 7429.081572 7397.062450 10115.053892 10086.535680 10566.639955 10497.432907 9747.647532 9650.133953 9306.346056 8925.517118 10773.692984 10986.452002 11230.564137 10812.825114 9778.557724 9736.798203 9216.877055 9486.240447 9836.336736 9909.590218 9298.254948 9917.948328
8607.368185 7671.276294 7704.795659 7162.614452 7870.423529 9212.477901 9237.123310 9315.416390 8967.376584 8134.821052 8014.576645 7592.963596 7975.177366 -1.000000 -1.000000 -1.000000 -1.000000 6595.529664 6681.728895 7216.121549 7059.651345 9882.447399 9838.664723 10335.409275 10220.958688 9787.018761 9676.323203 9406.542540 8977.942072 10645.247839 10861.612215 11087.376054 10660.959480 9590.720912 9535.030530 9000.762939 9356.090512 9504.488237 9578.744063 8976.162704 9603.231237
8930.051309 8013.693197 8044.269549 7494.067911 8135.649857 9482.407798 9506.351769 9562.781192 9223.413605 8496.210802 8381.668723 7952.901921 8305.787185 -1.000000 -1.000000 -1.000000 -1.000000 6654.529305 6550.093871 7028.623510 7077.342801 10247.808708 10200.835184 10700.735929 10573.468600 10097.700058 9993.199008 9682.772808 9280.472492 11011.185854 11227.117775 11455.207851 11029.465365 9960.312096 9904.140069 9368.996078 9721.554340 9823.204651 9898.188516 9305.090159 9935.838981
14974.966619 14227.066168 14239.587212 13738.730875 14043.141922 15301.585141 15322.205214 15308.787876 15011.433649 15058.905216 14894.658729 14544.423361 14998.136499 13240.952344 13056.956173 13366.981672 13457.414235 -1.000000 -1.000000 -1.000000 -1.000000 16524.416180 16440.866166 16968.352559 16723.368257 16824.110932 16705.663029 16472.015250 16027.230687 17487.553475 17706.912347 17897.989861 17461.972417 16345.041025 16261.492444 15715.525120 16220.245514 15810.292987 15885.943286 15359.175599 15984.252250
13941.852711 13210.359859 13219.623948 12746.592061 13015.088539 14300.614979 14322.193145 14328.703805 14016.528534 14128.845710 13947.152543 13643.804481 14141.162172 12577.407899 12598.601222 12978.070806 12918.320870 -1.000000 -1.000000 -1.000000 -1.000000 15500.277893 15412.909172 15942.147944 15690.021693 15961.822269 15834.514369 15666.845219 15189.574399 16501.212392 16720.732082 16900.908500 16463.723588 15340.352688 15251.434131 14706.522884 15248.488422 14782.770014 14858.542559 14326.263408 14952.378883
14549.023608 13685.253472 13708.177635 13163.802835 13704.192428 15045.797833 15069.232666 15114.352642 14779.840686 14392.904101 14239.389139 13870.194636 14318.225042 12620.360459 12682.861967 13062.463661 12959.121290 -1.000000 -1.000000 -1.000000 -1.000000 15974.483985 15909.435877 16424.946031 16243.819555 16144.459670 16025.690665 15802.184978 15349.808206 16855.391136 17074.069723 17278.993419 16845.838314 15744.137181 15671.972087 15127.492013 15576.797475 15430.719547 15506.352134 14930.880220 15564.161832
14268.434848 13410.886702 13433.637054 12889.388374 13407.222239 14741.250712 14764.243661 14798.061448 14469.648143 14089.932800 13944.458453 13559.336247 13983.148448 12199.485448 12071.352291 12443.565488 12440.374892 -1.000000 -1.000000 -1.000000 -1.000000 15699.472828 15635.005024 16150.120857 15968.642922 15804.139171 15689.736335 15435.816168 15000.254478 16567.202309 16785.538367 16994.390129 16562.133160 15464.131003 15393.713268 14849.794048 15285.396657 15146.352493 15222.095493 14651.178208 15284.409091
9486.011572 10119.646621 10103.222204 10633.796105 10412.196433 9849.782052 9854.506493 10113.002576 10056.098132 9833.440517 9823.674302 10291.928297 10332.876136 11538.520446 11907.348967 12119.805424 11773.252993 11603.226406 11835.475474 12146.632935 11627.502561 -1.000000 -1.000000 -1.000000 -1.000000 10287.918768 10156.343217 10759.637196 10375.052878 8719.246466 8846.867009 8766.020890 8453.221502 8296.480592 8260.711074 8725.942349 8880.820063 9062.462763 9026.440081 9161.855016 8762.165292
9126.197345 9928.680078 9902.189879 10453.042692 10078.290397 9290.621054 9291.063658 9532.709580 9530.871142 9948.246307 9879.608665 10323.262005 10483.243168 11416.687159 11772.698938 12028.210665 11696.663245 11414.717231 11646.614839 11894.265933 11367.993610 -1.000000 -1.000000 -1.000000 -1.000000 10773.118488 10629.899979 11171.097705 10729.196186 9367.735297 9501.657151 9413.950850 9107.594788 8657.314058 8549.302806 8803.571612 9265.018588 8495.223544 8443.675808 8753.753196 8209.404910
9088.576731 9672.378869 9657.293603 10184.041279 9992.978473 9561.758037 9570.244459 9839.459757 9736.020652 9406.446707 9383.502973 9849.526242 9919.070849 11085.558570 11454.421746 11667.648068 11321.666930 11152.764361 11384.827446 11702.696555 11185.632510 -1.000000 -1.000000 -1.000000 -1.000000 10077.912669 9934.727231 10484.675196 10058.235620 8826.436319 9000.541172 9009.401698 8618.829826 7966.327973 7876.172528 8279.717680 8577.170692 8811.838134 8793.327960 8796.442847 8521.578401
8945.255330 9591.350497 9572.760232 10110.014286 9868.730695 9373.133049 9380.798905 9648.261722 9556.339777 9431.806961 9387.414075 9846.183104 9957.404004 11034.393194 11400.065522 11627.578846 11285.766018 11080.333552 11312.976941 11611.763842 11090.881089 -1.000000 -1.000000 -1.000000 -1.000000 10226.535239 10080.442462 10609.206377 10165.598400 9012.120794 9183.443347 9180.472723 8798.822121 8103.714590 7987.238527 8284.875814 8705.466345 8614.484475 8593.902622 8632.629975 8321.960113
17652.204436 17169.882176 17206.616736 17266.841027 17853.125409 18547.626608 18570.099870 18812.744240 18510.527305 15986.841215 16212.867915 16257.171151 15708.773950 17388.623940 17668.356075 17583.079192 17291.929323 17759.435582 17900.141015 18429.265855 18131.170065 17263.645425 17395.559306 17538.607426 17957.450634 -1.000000 -1.000000 -1.000000 -1.000000 16764.648243 16894.914519 17231.909491 16987.205011 16669.142828 16772.832023 16686.897205 16058.287468 18173.010519 18207.747657 17732.309878 18011.288387
17290.564204 16810.820401 16846.643924 16932.776418 17494.047141 18188.062644 18210.791274 18451.086325 18146.368785 15621.922616 15848.561794 15922.044825 15386.647310 17144.368077 17450.400364 17410.880129 17095.444990 17491.403416 17648.923929 18168.825897 17838.243850 17021.550454 17136.295934 17338.367712 17699.893720 -1.000000 -1.000000 -1.000000 -1.000000 16754.942579 16917.946839 17241.256572 16935.744395 16433.744053 16519.818570 16369.483582 15830.084211 17837.233156 17875.221217 17382.118646 17689.344818
17566.814406 17266.645655 17296.135909 17469.106256 17938.310009 18430.103248 18450.360473 18709.432934 18439.336816 16069.120305 16292.173315 16475.894490 15977.633312 17769.100161 18083.283325 18050.446554 17733.230799 18101.710275 18268.464017 18781.361537 18426.147115 16856.882898 17012.888168 17066.888997 17559.471417 -1.000000 -1.000000 -1.000000 -1.000000 16143.425713 16254.687723 16594.103684 16387.922752 16273.726931 16400.800247 16450.765662 15691.505295 17948.866517 17972.242105 17573.797855 17747.670811
17592.473974 17302.574089 17331.376233 17515.585757 17972.102541 18455.236250 18475.487281 18734.622529 18465.011981 16108.501628 16329.889237 16528.788940 16042.794585 17842.749208 18163.126880 18142.633128 17820.061826 18167.285875 18338.405786 18847.258238 18483.183821 16898.042065 17051.139997 17119.658051 17600.597513 -1.000000 -1.000000 -1.000000 -1.000000 16245.407569 16369.570325 16707.430943 16478.720810 16311.815104 16436.419656 16476.971841 15723.952932 17975.749624 17999.611314 17599.006445 17776.315693
8291.862081 8681.638141 8679.887378 9140.876416 9132.500989 8805.482461 8813.100032 9079.824942 8982.095525 7959.793980 8054.445928 8498.907086 8314.568781 9899.364240 10270.697905 10401.216707 10046.054190 10066.150810 10288.621762 10685.147252 10195.140133 6618.278714 6796.732439 6374.897906 7030.210566 7424.010471 7352.993125 8061.816278 7886.818754 -1.000000 -1.000000 -1.000000 -1.000000 6549.540606 6658.674867 7188.156790 6726.206551 8038.347915 8010.044713 8033.089663 7740.025693
7698.259743 8073.669733 8071.883807 8534.303705 8527.965834 8246.042603 8255.021415 8524.944834 8410.187857 7375.043438 7460.355546 7910.460366 7752.751465 9302.786936 9674.794688 9813.458066 9458.154436 9462.834974 9686.204062 10078.969077 9587.794490 6057.546111 6244.921106 5891.937787 6553.693773 7047.668808 6954.122260 7646.951067 7411.145845 -1.000000 -1.000000 -1.000000 -1.000000 5941.884287 6053.621953 6580.406330 6147.817995 7494.911367 7472.463117 7452.441403 7200.637528
8003.589401 8298.117226 8300.490780 8736.242892 8792.394466 8604.561105 8615.081312 8887.633392 8752.031547 7503.130088 7611.857893 8045.510439 7837.344865 9457.236026 9826.675908 9943.778530 9589.183038 9642.548527 9861.433942 10274.710866 9795.444025 6435.313335 6628.380510 6328.123482 6983.995013 6973.332500 6890.969751 7594.555030 7400.504761 -1.000000 -1.000000 -1.000000 -1.000000 6205.778383 6337.963601 6829.867140 6270.535409 7873.785370 7856.795533 7785.427280 7585.113801
8039.447328 8346.900838 8349.035185 8785.598607 8837.293688 8621.226720 8631.006500 8902.386489 8776.132768 7546.762755 7658.603016 8089.708044 7870.731837 9503.439671 9872.447097 9986.104106 9631.781325 9691.066384 9909.609269 10323.909007 9844.802984 6439.257457 6629.542331 6285.583293 6947.756136 6914.433779 6844.971775 7554.660575 7393.348290 -1.000000 -1.000000 -1.000000 -1.000000 6247.568807 6376.117903 6875.479900 6316.060928 7879.173675 7858.865847 7812.267785 7586.901946
14861.287977 15119.782443 15115.531799 15600.810126 15584.181493 15638.894466 15656.722958 15925.964719 15701.451357 14770.005777 14727.430926 15191.613461 15301.479900 16453.506757 16825.241763 17021.992622 16673.122740 16555.405035 16784.781313 17143.438143 16641.510148 14529.350327 14541.891161 14975.574996 15060.586959 15921.428080 15763.289654 16157.559623 15655.801395 15470.622771 15686.396263 15828.912421 15391.322692 -1.000000 -1.000000 -1.000000 -1.000000 15122.680495 15150.665783 14766.833893 14945.809567
15742.010057 15793.155587 15803.560978 16189.380897 16365.119259 16530.939379 16548.386000 16818.517115 16592.920523 14920.815884 15030.004276 15462.031244 15297.506514 16873.931403 17242.897099 17362.558479 17007.583205 17069.807571 17285.480994 17713.255610 17248.572759 14891.900412 15027.578765 15195.549784 15587.131008 15227.264787 15075.367818 15594.046959 15181.499097 14976.388113 15192.074363 15432.059256 15023.831431 -1.000000 -1.000000 -1.000000 -1.000000 15970.119509 15986.944874 15658.198478 15751.817121
15425.640042 15756.342333 15753.228254 16228.002137 16213.514146 16092.564197 16106.275842 16380.975901 16207.974894 15206.844153 15236.749414 15705.326182 15679.430700 17043.464729 17416.557781 17588.160313 17234.803409 17172.050204 17399.118267 17772.954047 17275.339952 14215.960620 14360.729937 14546.113239 14914.329405 15744.389349 15598.132917 16139.805246 15720.061866 14846.534014 15058.485169 15190.296237 14752.800650 -1.000000 -1.000000 -1.000000 -1.000000 15435.162126 15437.894504 15238.968935 15181.417519
15352.582518 15728.545633 15722.720912 16211.968114 16160.840752 16006.201953 16019.723029 16294.436946 16124.991495 15265.402942 15273.614510 15743.897425 15758.818854 17052.871421 17425.482827 17609.779158 17258.140962 17164.982183 17393.797606 17754.502540 17251.518469 14190.902249 14309.350948 14575.440794 14871.415227 15936.559739 15787.834542 16308.591514 15871.233456 15043.816306 15252.131339 15364.527571 14929.635389 -1.000000 -1.000000 -1.000000 -1.000000 15347.765679 15351.174705 15155.448176 15096.030108
5407.037720 6335.340221 6297.713355 6836.370784 6351.459193 5894.869174 5912.210100 6183.003313 5991.751961 6898.750131 6726.348831 7046.209726 7413.113658 7829.530178 8161.959501 8459.086842 8155.124290 7759.416899 7986.789128 8187.712278 7661.874328 6446.699151 6290.268978 6812.111319 6411.392199 8445.083929 8285.947914 8603.595952 8069.060115 7826.806567 8023.807804 8074.468951 7663.981422 6639.592591 6490.974759 6167.457549 6993.725061 -1.000000 -1.000000 -1.000000 -1.000000
6098.341356 7016.165136 6980.753895 7524.843294 7026.997152 6174.367269 6177.410961 6432.649737 6404.012325 7393.876177 7258.314300 7635.954244 7931.738222 8516.221560 8852.331172 9144.153837 8834.440518 8452.321360 8679.642861 8872.411778 8347.612652 6231.457554 6039.221965 6472.044445 5926.666762 8678.579735 8522.880011 8942.197311 8435.909136 7686.115938 7858.064813 7841.027829 7471.800396 6641.664024 6491.179540 6406.056072 7146.966553 -1.000000 -1.000000 -1.000000 -1.000000
5919.911552 6877.354262 6837.583399 7364.268707 6789.758760 5818.625097 5820.401903 6072.953603 6061.669523 7413.353352 7255.408560 7595.029555 7939.937141 8357.855711 8680.073992 8989.127780 8693.206078 8259.256226 8481.963413 8638.829666 8118.380935 6462.094437 6272.123478 6712.719066 6152.862547 8820.152592 8662.691093 9044.296594 8524.174625 7915.164657 8090.713694 8079.727203 7706.451385 6835.785782 6683.292262 6523.304151 7305.646093 -1.000000 -1.000000 -1.000000 -1.000000
6053.320535 7009.307376 6969.843404 7498.009019 6925.133320 5929.114786 5929.096117 6174.118060 6181.448666 7524.784236 7370.649245 7716.617316 8053.911737 8491.734387 8814.680707 9122.918401 8826.082409 8394.511662 8617.329262 8774.102814 8253.776329 6503.207113 6311.164474 6736.319233 6160.937660 8903.151028 8746.175632 9138.656580 8621.785535 7957.797669 8130.028715 8111.046850 7743.625984 6898.141009 6746.324137 6610.912288 7382.094306 -1.000000 -1.000000 -1.000000 -1.000000
