


1
[(710932.21476631, 7675147.078649278), (711023.1665956423, 7674454.89091659), (711503.2028785247, 7675137.728877949), (711323.7402665506, 7675208.519937952), (711093.2354030339, 7675220.483473378), (710932.21476631, 7675147.078649278)]
225.985026181
30
MULTIPOINT (710962.5700612927 7675160.916782911, 710935.4630275974 7675122.357798336, 710941.0898063863 7675079.535270403, 711015.1528170566 7675184.887796913, 711067.7355728217 7675208.858810917, 710946.7165851753 7675036.712742468, 710952.343363964 7674993.890214535, 711110.9909776126 7675219.561933407, 711145.4642489626 7675217.772720819, 710957.9701427527 7674951.067686602, 710963.5969215416 7674908.24515867, 711179.9375203133 7675215.983508233, 711214.4107916642 7675214.194295647, 710969.2237003304 7674865.422630737, 710974.8504791193 7674822.600102802, 711248.8840630158 7675212.40508306, 711283.3573343656 7675210.615870474, 710980.477257908 7674779.77757487, 710986.104036697 7674736.955046936, 711317.8306057173 7675208.826657887, 711346.9185669635 7675199.376994821, 710991.7308154858 7674694.132519002, 710997.3575942747 7674651.309991068, 711374.8923358649 7675188.342424829, 711402.8661047658 7675177.307854838, 711002.9843730635 7674608.487463134, 711008.6111518524 7674565.664935201, 711430.8398736664 7675166.273284845, 711458.8136425674 7675155.238714853, 711014.2379306412 7674522.842407268, 711019.86470943 7674480.019879335, 711486.7874114678 7675144.204144862)
8256.71854061
MULTIPOINT (710935.4630275974 7675122.357798336, 710962.5700612927 7675160.916782911, 711015.1528170566 7675184.887796913, 710941.0898063863 7675079.535270403, 710946.7165851753 7675036.712742468, 711067.7355728217 7675208.858810917, 711110.9909776126 7675219.561933407, 710952.343363964 7674993.890214535, 710957.9701427527 7674951.067686602, 711145.4642489626 7675217.772720819, 711179.9375203133 7675215.983508233, 710963.5969215416 7674908.24515867, 710969.2237003304 7674865.422630737, 711214.4107916642 7675214.194295647, 711248.8840630158 7675212.40508306, 710974.8504791193 7674822.600102802, 710980.477257908 7674779.77757487, 711283.3573343656 7675210.615870474, 711317.8306057173 7675208.826657887, 710986.104036697 7674736.955046936, 710991.7308154858 7674694.132519002, 711346.9185669635 7675199.376994821, 711374.8923358649 7675188.342424829, 710997.3575942747 7674651.309991068, 711002.9843730635 7674608.487463134, 711402.8661047658 7675177.307854838, 711430.8398736664 7675166.273284845, 711008.6111518524 7674565.664935201, 711014.2379306412 7674522.842407268, 711458.8136425674 7675155.238714853, 711486.7874114678 7675144.204144862, 711019.86470943 7674480.019879335)
8257.57491779
MULTIPOINT (711486.7874114678 7675144.204144862, 711019.86470943 7674480.019879335, 711014.2379306412 7674522.842407268, 711458.8136425674 7675155.238714853, 711430.8398736664 7675166.273284845, 711008.6111518524 7674565.664935201, 711002.9843730635 7674608.487463134, 711402.8661047658 7675177.307854838, 711374.8923358649 7675188.342424829, 710997.3575942747 7674651.309991068, 710991.7308154858 7674694.132519002, 711346.9185669635 7675199.376994821, 711317.8306057173 7675208.826657887, 710986.104036697 7674736.955046936, 710980.477257908 7674779.77757487, 711283.3573343656 7675210.615870474, 711248.8840630158 7675212.40508306, 710974.8504791193 7674822.600102802, 710969.2237003304 7674865.422630737, 711214.4107916642 7675214.194295647, 711179.9375203133 7675215.983508233, 710963.5969215416 7674908.24515867, 710957.9701427527 7674951.067686602, 711145.4642489626 7675217.772720819, 711110.9909776126 7675219.561933407, 710952.343363964 7674993.890214535, 710946.7165851753 7675036.712742468, 711067.7355728217 7675208.858810917, 711015.1528170566 7675184.887796913, 710941.0898063863 7675079.535270403, 710935.4630275974 7675122.357798336, 710962.5700612927 7675160.916782911)
8256.71854061
MULTIPOINT (711019.86470943 7674480.019879335, 711486.7874114678 7675144.204144862, 711458.8136425674 7675155.238714853, 711014.2379306412 7674522.842407268, 711008.6111518524 7674565.664935201, 711430.8398736664 7675166.273284845, 711402.8661047658 7675177.307854838, 711002.9843730635 7674608.487463134, 710997.3575942747 7674651.309991068, 711374.8923358649 7675188.342424829, 711346.9185669635 7675199.376994821, 710991.7308154858 7674694.132519002, 710986.104036697 7674736.955046936, 711317.8306057173 7675208.826657887, 711283.3573343656 7675210.615870474, 710980.477257908 7674779.77757487, 710974.8504791193 7674822.600102802, 711248.8840630158 7675212.40508306, 711214.4107916642 7675214.194295647, 710969.2237003304 7674865.422630737, 710963.5969215416 7674908.24515867, 711179.9375203133 7675215.983508233, 711145.4642489626 7675217.772720819, 710957.9701427527 7674951.067686602, 710952.343363964 7674993.890214535, 711110.9909776126 7675219.561933407, 711067.7355728217 7675208.858810917, 710946.7165851753 7675036.712742468, 710941.0898063863 7675079.535270403, 711015.1528170566 7675184.887796913, 710962.5700612927 7675160.916782911, 710935.4630275974 7675122.357798336)
8257.57491779



2
[(709791.9082851072, 7673878.559302127), (709878.0179569621, 7673584.032509883), (710126.4085226941, 7673859.425425413), (709791.9082851072, 7673878.559302127)]
48.4358350681
16
MULTIPOINT (709815.2304439979 7673877.225242348, 709797.9120579701 7673858.024187725, 709807.5483184132 7673825.06462794, 709852.663305351 7673875.084030853, 709890.0961667015 7673872.942819356, 709817.1845788558 7673792.105068157, 709826.8208392989 7673759.145508372, 709927.5290280547 7673870.80160786, 709964.9618894071 7673868.660396364, 709836.457099742 7673726.185948588, 709846.0933601853 7673693.226388803, 710002.3947507604 7673866.519184868, 710039.827612112 7673864.377973372, 709855.7296206282 7673660.266829019, 709865.3658810708 7673627.307269236, 710077.2604734636 7673862.236761875, 710114.693334816 7673860.09555038, 709875.0021415139 7673594.347709452)
2014.12491196
MULTIPOINT (709797.9120579701 7673858.024187725, 709815.2304439979 7673877.225242348, 709852.663305351 7673875.084030853, 709807.5483184132 7673825.06462794, 709817.1845788558 7673792.105068157, 709890.0961667015 7673872.942819356, 709927.5290280547 7673870.80160786, 709826.8208392989 7673759.145508372, 709836.457099742 7673726.185948588, 709964.9618894071 7673868.660396364, 710002.3947507604 7673866.519184868, 709846.0933601853 7673693.226388803, 709855.7296206282 7673660.266829019, 710039.827612112 7673864.377973372, 710077.2604734636 7673862.236761875, 709865.3658810708 7673627.307269236, 709875.0021415139 7673594.347709452, 710114.693334816 7673860.09555038)
2014.12491196
MULTIPOINT (709875.0021415139 7673594.347709452, 710114.693334816 7673860.09555038, 710077.2604734636 7673862.236761875, 709865.3658810708 7673627.307269236, 709855.7296206282 7673660.266829019, 710039.827612112 7673864.377973372, 710002.3947507604 7673866.519184868, 709846.0933601853 7673693.226388803, 709836.457099742 7673726.185948588, 709964.9618894071 7673868.660396364, 709927.5290280547 7673870.80160786, 709826.8208392989 7673759.145508372, 709817.1845788558 7673792.105068157, 709890.0961667015 7673872.942819356, 709852.663305351 7673875.084030853, 709807.5483184132 7673825.06462794, 709797.9120579701 7673858.024187725, 709815.2304439979 7673877.225242348)
2014.12491196
MULTIPOINT (710114.693334816 7673860.09555038, 709875.0021415139 7673594.347709452, 709865.3658810708 7673627.307269236, 710077.2604734636 7673862.236761875, 710039.827612112 7673864.377973372, 709855.7296206282 7673660.266829019, 709846.0933601853 7673693.226388803, 710002.3947507604 7673866.519184868, 709964.9618894071 7673868.660396364, 709836.457099742 7673726.185948588, 709826.8208392989 7673759.145508372, 709927.5290280547 7673870.80160786, 709890.0961667015 7673872.942819356, 709817.1845788558 7673792.105068157, 709807.5483184132 7673825.06462794, 709852.663305351 7673875.084030853, 709815.2304439979 7673877.225242348, 709797.9120579701 7673858.024187725)
2014.12491196



3
[(710692.2363424238, 7676674.807428863), (710721.3770582667, 7676110.616418928), (711214.5044070884, 7676115.66415167), (711151.0185388023, 7676663.941462498), (710692.2363424238, 7676674.807428863)]
264.60757254
32
MULTIPOINT (710709.6717973145 7676337.241016406, 710735.8957975297 7676110.765035134, 710765.2870363717 7676111.065888694, 710700.031920297 7676674.622795528, 710729.5389168698 7676673.923940963, 710794.6782752119 7676111.366742254, 710824.0695140539 7676111.667595815, 710759.0459134446 7676673.225086397, 710788.5529100192 7676672.526231833, 710853.460752896 7676111.968449376, 710882.851991737 7676112.269302936, 710818.0599065931 7676671.827377268, 710847.5669031668 7676671.128522702, 710912.243230578 7676112.570156496, 710941.6344694193 7676112.871010057, 710877.0738997406 7676670.429668138, 710906.5808963153 7676669.730813572, 710971.0257082612 7676113.171863617, 711000.4169471033 7676113.472717178, 710936.08789289 7676669.031959007, 710965.5948894637 7676668.333104443, 711029.8081859445 7676113.773570738, 711059.1994247853 7676114.074424298, 710995.1018860375 7676667.634249877, 711024.6088826113 7676666.935395312, 711088.5906636266 7676114.375277859, 711117.9819024686 7676114.67613142, 711054.1158791861 7676666.236540748, 711083.6228757597 7676665.537686182, 711147.3731413097 7676114.97698498, 711176.7643801508 7676115.27783854, 711113.1298723335 7676664.838831617, 711142.6368689082 7676664.139977052, 711206.1556189928 7676115.578692101)
9655.64421846
MULTIPOINT (710735.8957975297 7676110.765035134, 710709.6717973145 7676337.241016406, 710700.031920297 7676674.622795528, 710765.2870363717 7676111.065888694, 710794.6782752119 7676111.366742254, 710729.5389168698 7676673.923940963, 710759.0459134446 7676673.225086397, 710824.0695140539 7676111.667595815, 710853.460752896 7676111.968449376, 710788.5529100192 7676672.526231833, 710818.0599065931 7676671.827377268, 710882.851991737 7676112.269302936, 710912.243230578 7676112.570156496, 710847.5669031668 7676671.128522702, 710877.0738997406 7676670.429668138, 710941.6344694193 7676112.871010057, 710971.0257082612 7676113.171863617, 710906.5808963153 7676669.730813572, 710936.08789289 7676669.031959007, 711000.4169471033 7676113.472717178, 711029.8081859445 7676113.773570738, 710965.5948894637 7676668.333104443, 710995.1018860375 7676667.634249877, 711059.1994247853 7676114.074424298, 711088.5906636266 7676114.375277859, 711024.6088826113 7676666.935395312, 711054.1158791861 7676666.236540748, 711117.9819024686 7676114.67613142, 711147.3731413097 7676114.97698498, 711083.6228757597 7676665.537686182, 711113.1298723335 7676664.838831617, 711176.7643801508 7676115.27783854, 711206.1556189928 7676115.578692101, 711142.6368689082 7676664.139977052)
9963.64841631
MULTIPOINT (711206.1556189928 7676115.578692101, 711142.6368689082 7676664.139977052, 711113.1298723335 7676664.838831617, 711176.7643801508 7676115.27783854, 711147.3731413097 7676114.97698498, 711083.6228757597 7676665.537686182, 711054.1158791861 7676666.236540748, 711117.9819024686 7676114.67613142, 711088.5906636266 7676114.375277859, 711024.6088826113 7676666.935395312, 710995.1018860375 7676667.634249877, 711059.1994247853 7676114.074424298, 711029.8081859445 7676113.773570738, 710965.5948894637 7676668.333104443, 710936.08789289 7676669.031959007, 711000.4169471033 7676113.472717178, 710971.0257082612 7676113.171863617, 710906.5808963153 7676669.730813572, 710877.0738997406 7676670.429668138, 710941.6344694193 7676112.871010057, 710912.243230578 7676112.570156496, 710847.5669031668 7676671.128522702, 710818.0599065931 7676671.827377268, 710882.851991737 7676112.269302936, 710853.460752896 7676111.968449376, 710788.5529100192 7676672.526231833, 710759.0459134446 7676673.225086397, 710824.0695140539 7676111.667595815, 710794.6782752119 7676111.366742254, 710729.5389168698 7676673.923940963, 710700.031920297 7676674.622795528, 710765.2870363717 7676111.065888694, 710735.8957975297 7676110.765035134, 710709.6717973145 7676337.241016406)
9655.64421846
MULTIPOINT (711142.6368689082 7676664.139977052, 711206.1556189928 7676115.578692101, 711176.7643801508 7676115.27783854, 711113.1298723335 7676664.838831617, 711083.6228757597 7676665.537686182, 711147.3731413097 7676114.97698498, 711117.9819024686 7676114.67613142, 711054.1158791861 7676666.236540748, 711024.6088826113 7676666.935395312, 711088.5906636266 7676114.375277859, 711059.1994247853 7676114.074424298, 710995.1018860375 7676667.634249877, 710965.5948894637 7676668.333104443, 711029.8081859445 7676113.773570738, 711000.4169471033 7676113.472717178, 710936.08789289 7676669.031959007, 710906.5808963153 7676669.730813572, 710971.0257082612 7676113.171863617, 710941.6344694193 7676112.871010057, 710877.0738997406 7676670.429668138, 710847.5669031668 7676671.128522702, 710912.243230578 7676112.570156496, 710882.851991737 7676112.269302936, 710818.0599065931 7676671.827377268, 710788.5529100192 7676672.526231833, 710853.460752896 7676111.968449376, 710824.0695140539 7676111.667595815, 710759.0459134446 7676673.225086397, 710729.5389168698 7676673.923940963, 710794.6782752119 7676111.366742254, 710765.2870363717 7676111.065888694, 710700.031920297 7676674.622795528, 710709.6717973145 7676337.241016406, 710735.8957975297 7676110.765035134)
9963.64841631



4
[(712443.8213499179, 7675403.038444094), (712793.4839638816, 7675300.957866488), (713061.7023155446, 7675639.509969678), (712760.3165742287, 7675719.983234208), (712454.6038151847, 7675652.504951164), (712443.8213499179, 7675403.038444094)]
171.144226991
24
MULTIPOINT (712444.1799988778 7675411.33625921, 712804.6728423954 7675315.080756774, 712824.4571139429 7675340.052973257, 712445.4727566949 7675441.24591059, 712446.7655145121 7675471.155561967, 712844.2413854905 7675365.025189741, 712864.0256570384 7675389.997406224, 712448.0582723292 7675501.065213346, 712449.3510301462 7675530.974864722, 712883.8099285852 7675414.969622706, 712903.5942001331 7675439.94183919, 712450.6437879634 7675560.884516101, 712451.9365457805 7675590.79416748, 712923.3784716805 7675464.914055672, 712943.1627432278 7675489.886272156, 712453.2293035976 7675620.703818857, 712454.5220614148 7675650.613470237, 712962.9470147764 7675514.858488641, 712982.731286323 7675539.830705122, 712512.7122213407 7675665.330897618, 712574.7434725746 7675679.022711926, 713002.5155578704 7675564.802921605, 713022.2998294183 7675589.775138089, 712636.77472381 7675692.714526234, 712698.8059750443 7675706.406340542, 713042.0841009658 7675614.747354572)
6168.65261502
MULTIPOINT (712804.6728423954 7675315.080756774, 712444.1799988778 7675411.33625921, 712445.4727566949 7675441.24591059, 712824.4571139429 7675340.052973257, 712844.2413854905 7675365.025189741, 712446.7655145121 7675471.155561967, 712448.0582723292 7675501.065213346, 712864.0256570384 7675389.997406224, 712883.8099285852 7675414.969622706, 712449.3510301462 7675530.974864722, 712450.6437879634 7675560.884516101, 712903.5942001331 7675439.94183919, 712923.3784716805 7675464.914055672, 712451.9365457805 7675590.79416748, 712453.2293035976 7675620.703818857, 712943.1627432278 7675489.886272156, 712962.9470147764 7675514.858488641, 712454.5220614148 7675650.613470237, 712512.7122213407 7675665.330897618, 712982.731286323 7675539.830705122, 713002.5155578704 7675564.802921605, 712574.7434725746 7675679.022711926, 712636.77472381 7675692.714526234, 713022.2998294183 7675589.775138089, 713042.0841009658 7675614.747354572, 712698.8059750443 7675706.406340542)
6165.15074791
MULTIPOINT (713042.0841009658 7675614.747354572, 712698.8059750443 7675706.406340542, 712636.77472381 7675692.714526234, 713022.2998294183 7675589.775138089, 713002.5155578704 7675564.802921605, 712574.7434725746 7675679.022711926, 712512.7122213407 7675665.330897618, 712982.731286323 7675539.830705122, 712962.9470147764 7675514.858488641, 712454.5220614148 7675650.613470237, 712453.2293035976 7675620.703818857, 712943.1627432278 7675489.886272156, 712923.3784716805 7675464.914055672, 712451.9365457805 7675590.79416748, 712450.6437879634 7675560.884516101, 712903.5942001331 7675439.94183919, 712883.8099285852 7675414.969622706, 712449.3510301462 7675530.974864722, 712448.0582723292 7675501.065213346, 712864.0256570384 7675389.997406224, 712844.2413854905 7675365.025189741, 712446.7655145121 7675471.155561967, 712445.4727566949 7675441.24591059, 712824.4571139429 7675340.052973257, 712804.6728423954 7675315.080756774, 712444.1799988778 7675411.33625921)
6168.65261502
MULTIPOINT (712698.8059750443 7675706.406340542, 713042.0841009658 7675614.747354572, 713022.2998294183 7675589.775138089, 712636.77472381 7675692.714526234, 712574.7434725746 7675679.022711926, 713002.5155578704 7675564.802921605, 712982.731286323 7675539.830705122, 712512.7122213407 7675665.330897618, 712454.5220614148 7675650.613470237, 712962.9470147764 7675514.858488641, 712943.1627432278 7675489.886272156, 712453.2293035976 7675620.703818857, 712451.9365457805 7675590.79416748, 712923.3784716805 7675464.914055672, 712903.5942001331 7675439.94183919, 712450.6437879634 7675560.884516101, 712449.3510301462 7675530.974864722, 712883.8099285852 7675414.969622706, 712864.0256570384 7675389.997406224, 712448.0582723292 7675501.065213346, 712446.7655145121 7675471.155561967, 712844.2413854905 7675365.025189741, 712824.4571139429 7675340.052973257, 712445.4727566949 7675441.24591059, 712444.1799988778 7675411.33625921, 712804.6728423954 7675315.080756774)
6165.15074791



5
[(712444.2149532796, 7674986.12067968), (712346.391470125, 7674519.020277597), (712862.5854530025, 7674448.2220012415), (713158.0769287851, 7674702.410065521), (713212.1896051168, 7674875.088704677), (712444.2149532796, 7674986.12067968)]
325.975233925
32
MULTIPOINT (712443.8670206119 7674984.459325128, 712674.4475106144 7674952.834196214, 713204.5241238065 7674850.627432922, 712437.8605244965 7674955.778719408, 712431.8540283811 7674927.098113687, 713195.6592738457 7674822.33886301, 713186.7944238846 7674794.050293096, 712425.8475322655 7674898.417507965, 712419.8410361501 7674869.736902244, 713177.9295739238 7674765.761723184, 713169.0647239628 7674737.473153271, 712413.8345400344 7674841.056296521, 712407.8280439192 7674812.375690801, 713160.1998740023 7674709.184583359, 713135.5791541276 7674683.057000341, 712401.8215478036 7674783.695085079, 712395.8150516882 7674755.014479359, 713105.9970991495 7674657.609886266, 713076.4150441705 7674632.162772192, 712389.8085555726 7674726.333873636, 712383.8020594574 7674697.653267916, 713046.8329891925 7674606.715658117, 713017.2509342135 7674581.268544042, 712377.7955633418 7674668.972662195, 712371.7890672265 7674640.292056474, 712987.6688792354 7674555.821429967, 712958.0868242573 7674530.374315892, 712365.7825711111 7674611.611450752, 712359.7760749956 7674582.930845032, 712928.5047692793 7674504.927201819, 712898.9227143013 7674479.480087744, 712353.7695788803 7674554.250239311, 712347.7630827647 7674525.569633589, 712869.3406593221 7674454.032973669)
12193.4834103
MULTIPOINT (712674.4475106144 7674952.834196214, 712443.8670206119 7674984.459325128, 712437.8605244965 7674955.778719408, 713204.5241238065 7674850.627432922, 713195.6592738457 7674822.33886301, 712431.8540283811 7674927.098113687, 712425.8475322655 7674898.417507965, 713186.7944238846 7674794.050293096, 713177.9295739238 7674765.761723184, 712419.8410361501 7674869.736902244, 712413.8345400344 7674841.056296521, 713169.0647239628 7674737.473153271, 713160.1998740023 7674709.184583359, 712407.8280439192 7674812.375690801, 712401.8215478036 7674783.695085079, 713135.5791541276 7674683.057000341, 713105.9970991495 7674657.609886266, 712395.8150516882 7674755.014479359, 712389.8085555726 7674726.333873636, 713076.4150441705 7674632.162772192, 713046.8329891925 7674606.715658117, 712383.8020594574 7674697.653267916, 712377.7955633418 7674668.972662195, 713017.2509342135 7674581.268544042, 712987.6688792354 7674555.821429967, 712371.7890672265 7674640.292056474, 712365.7825711111 7674611.611450752, 712958.0868242573 7674530.374315892, 712928.5047692793 7674504.927201819, 712359.7760749956 7674582.930845032, 712353.7695788803 7674554.250239311, 712898.9227143013 7674479.480087744, 712869.3406593221 7674454.032973669, 712347.7630827647 7674525.569633589)
11686.4091687
MULTIPOINT (712869.3406593221 7674454.032973669, 712347.7630827647 7674525.569633589, 712353.7695788803 7674554.250239311, 712898.9227143013 7674479.480087744, 712928.5047692793 7674504.927201819, 712359.7760749956 7674582.930845032, 712365.7825711111 7674611.611450752, 712958.0868242573 7674530.374315892, 712987.6688792354 7674555.821429967, 712371.7890672265 7674640.292056474, 712377.7955633418 7674668.972662195, 713017.2509342135 7674581.268544042, 713046.8329891925 7674606.715658117, 712383.8020594574 7674697.653267916, 712389.8085555726 7674726.333873636, 713076.4150441705 7674632.162772192, 713105.9970991495 7674657.609886266, 712395.8150516882 7674755.014479359, 712401.8215478036 7674783.695085079, 713135.5791541276 7674683.057000341, 713160.1998740023 7674709.184583359, 712407.8280439192 7674812.375690801, 712413.8345400344 7674841.056296521, 713169.0647239628 7674737.473153271, 713177.9295739238 7674765.761723184, 712419.8410361501 7674869.736902244, 712425.8475322655 7674898.417507965, 713186.7944238846 7674794.050293096, 713195.6592738457 7674822.33886301, 712431.8540283811 7674927.098113687, 712437.8605244965 7674955.778719408, 713204.5241238065 7674850.627432922, 712674.4475106144 7674952.834196214, 712443.8670206119 7674984.459325128)
12193.4834103
MULTIPOINT (712347.7630827647 7674525.569633589, 712869.3406593221 7674454.032973669, 712898.9227143013 7674479.480087744, 712353.7695788803 7674554.250239311, 712359.7760749956 7674582.930845032, 712928.5047692793 7674504.927201819, 712958.0868242573 7674530.374315892, 712365.7825711111 7674611.611450752, 712371.7890672265 7674640.292056474, 712987.6688792354 7674555.821429967, 713017.2509342135 7674581.268544042, 712377.7955633418 7674668.972662195, 712383.8020594574 7674697.653267916, 713046.8329891925 7674606.715658117, 713076.4150441705 7674632.162772192, 712389.8085555726 7674726.333873636, 712395.8150516882 7674755.014479359, 713105.9970991495 7674657.609886266, 713135.5791541276 7674683.057000341, 712401.8215478036 7674783.695085079, 712407.8280439192 7674812.375690801, 713160.1998740023 7674709.184583359, 713169.0647239628 7674737.473153271, 712413.8345400344 7674841.056296521, 712419.8410361501 7674869.736902244, 713177.9295739238 7674765.761723184, 713186.7944238846 7674794.050293096, 712425.8475322655 7674898.417507965, 712431.8540283811 7674927.098113687, 713195.6592738457 7674822.33886301, 713204.5241238065 7674850.627432922, 712437.8605244965 7674955.778719408, 712443.8670206119 7674984.459325128, 712674.4475106144 7674952.834196214)
11686.4091687



6
[(708288.9964402687, 7675838.505452288), (708389.6832084344, 7675172.687634768), (708794.2228191582, 7675614.745523628), (708765.3601984538, 7675788.963291774), (708288.9964402687, 7675838.505452288)]
197.710087536
30
MULTIPOINT (708749.7998499566 7675790.581578786, 708778.9191475435 7675598.022541288, 708753.5484797155 7675570.298917787, 708719.7643648777 7675793.70529002, 708689.7288797979 7675796.829001253, 708728.1778118865 7675542.575294285, 708702.8071440576 7675514.851670783, 708659.693394718 7675799.952712488, 708629.6579096371 7675803.076423722, 708677.4364762278 7675487.12804728, 708652.0658083998 7675459.404423779, 708599.6224245583 7675806.200134956, 708569.5869394783 7675809.32384619, 708626.6951405709 7675431.680800276, 708601.3244727419 7675403.957176774, 708539.5514543984 7675812.447557424, 708509.5159693186 7675815.571268658, 708575.953804913 7675376.233553272, 708550.5831370841 7675348.50992977, 708479.4804842386 7675818.694979893, 708449.4449991598 7675821.818691127, 708525.212469256 7675320.786306269, 708499.8418014271 7675293.062682766, 708419.4095140798 7675824.942402361, 708389.3740289999 7675828.066113595, 708474.4711335981 7675265.339059264, 708449.1004657692 7675237.615435762, 708359.3385439201 7675831.189824829, 708329.3030588411 7675834.313536063, 708423.7297979412 7675209.891812261, 708398.3591301114 7675182.168188758, 708299.2675737604 7675837.437247297)
7371.76378575
MULTIPOINT (708778.9191475435 7675598.022541288, 708749.7998499566 7675790.581578786, 708719.7643648777 7675793.70529002, 708753.5484797155 7675570.298917787, 708728.1778118865 7675542.575294285, 708689.7288797979 7675796.829001253, 708659.693394718 7675799.952712488, 708702.8071440576 7675514.851670783, 708677.4364762278 7675487.12804728, 708629.6579096371 7675803.076423722, 708599.6224245583 7675806.200134956, 708652.0658083998 7675459.404423779, 708626.6951405709 7675431.680800276, 708569.5869394783 7675809.32384619, 708539.5514543984 7675812.447557424, 708601.3244727419 7675403.957176774, 708575.953804913 7675376.233553272, 708509.5159693186 7675815.571268658, 708479.4804842386 7675818.694979893, 708550.5831370841 7675348.50992977, 708525.212469256 7675320.786306269, 708449.4449991598 7675821.818691127, 708419.4095140798 7675824.942402361, 708499.8418014271 7675293.062682766, 708474.4711335981 7675265.339059264, 708389.3740289999 7675828.066113595, 708359.3385439201 7675831.189824829, 708449.1004657692 7675237.615435762, 708423.7297979412 7675209.891812261, 708329.3030588411 7675834.313536063, 708299.2675737604 7675837.437247297, 708398.3591301114 7675182.168188758)
7364.38108593
MULTIPOINT (708299.2675737604 7675837.437247297, 708398.3591301114 7675182.168188758, 708423.7297979412 7675209.891812261, 708329.3030588411 7675834.313536063, 708359.3385439201 7675831.189824829, 708449.1004657692 7675237.615435762, 708474.4711335981 7675265.339059264, 708389.3740289999 7675828.066113595, 708419.4095140798 7675824.942402361, 708499.8418014271 7675293.062682766, 708525.212469256 7675320.786306269, 708449.4449991598 7675821.818691127, 708479.4804842386 7675818.694979893, 708550.5831370841 7675348.50992977, 708575.953804913 7675376.233553272, 708509.5159693186 7675815.571268658, 708539.5514543984 7675812.447557424, 708601.3244727419 7675403.957176774, 708626.6951405709 7675431.680800276, 708569.5869394783 7675809.32384619, 708599.6224245583 7675806.200134956, 708652.0658083998 7675459.404423779, 708677.4364762278 7675487.12804728, 708629.6579096371 7675803.076423722, 708659.693394718 7675799.952712488, 708702.8071440576 7675514.851670783, 708728.1778118865 7675542.575294285, 708689.7288797979 7675796.829001253, 708719.7643648777 7675793.70529002, 708753.5484797155 7675570.298917787, 708778.9191475435 7675598.022541288, 708749.7998499566 7675790.581578786)
7371.76378575
MULTIPOINT (708398.3591301114 7675182.168188758, 708299.2675737604 7675837.437247297, 708329.3030588411 7675834.313536063, 708423.7297979412 7675209.891812261, 708449.1004657692 7675237.615435762, 708359.3385439201 7675831.189824829, 708389.3740289999 7675828.066113595, 708474.4711335981 7675265.339059264, 708499.8418014271 7675293.062682766, 708419.4095140798 7675824.942402361, 708449.4449991598 7675821.818691127, 708525.212469256 7675320.786306269, 708550.5831370841 7675348.50992977, 708479.4804842386 7675818.694979893, 708509.5159693186 7675815.571268658, 708575.953804913 7675376.233553272, 708601.3244727419 7675403.957176774, 708539.5514543984 7675812.447557424, 708569.5869394783 7675809.32384619, 708626.6951405709 7675431.680800276, 708652.0658083998 7675459.404423779, 708599.6224245583 7675806.200134956, 708629.6579096371 7675803.076423722, 708677.4364762278 7675487.12804728, 708702.8071440576 7675514.851670783, 708659.693394718 7675799.952712488, 708689.7288797979 7675796.829001253, 708728.1778118865 7675542.575294285, 708753.5484797155 7675570.298917787, 708719.7643648777 7675793.70529002, 708749.7998499566 7675790.581578786, 708778.9191475435 7675598.022541288)
7364.38108593



7
[(710058.2280434796, 7677994.1523092445), (710714.2840848197, 7677623.5357388435), (710754.4002521093, 7678170.304309633), (710665.556317265, 7678443.781671096), (710101.0408121131, 7678333.853945117), (710058.2280434796, 7677994.1523092445)]
383.338223141
46
MULTIPOINT (710077.6854346263 7678148.538671382, 710066.0346119561 7677989.742253619, 710094.1774955021 7677973.843887743, 710120.8746435833 7678337.716173827, 710150.6088011634 7678343.506286405, 710122.320379047 7677957.945521866, 710150.4632625928 7677942.047155989, 710180.3429587444 7678349.296398982, 710210.0771163235 7678355.08651156, 710178.6061461369 7677926.148790114, 710206.7490296827 7677910.250424237, 710239.8112739045 7678360.876624138, 710269.5454314855 7678366.666736715, 710234.8919132286 7677894.352058359, 710263.0347967736 7677878.453692484, 710299.2795890656 7678372.456849293, 710329.0137466466 7678378.246961871, 710291.1776803193 7677862.555326607, 710319.3205638635 7677846.65696073, 710358.7479042257 7678384.037074449, 710388.4820618068 7678389.827187026, 710347.4634474093 7677830.758594854, 710375.6063309542 7677814.860228977, 710418.2162193868 7678395.617299604, 710447.9503769679 7678401.407412182, 710403.7492145001 7677798.961863101, 710431.8920980442 7677783.063497225, 710477.684534547 7678407.197524759, 710507.4186921279 7678412.987637337, 710460.03498159 7677767.165131348, 710488.1778651358 7677751.266765471, 710537.152849709 7678418.777749915, 710566.887007289 7678424.567862492, 710516.3207486807 7677735.368399595, 710544.4636322258 7677719.470033718, 710596.6211648692 7678430.35797507, 710626.3553224492 7678436.148087648, 710572.6065157707 7677703.571667842, 710600.7493993165 7677687.673301965, 710656.0894800302 7678441.938200226, 710681.8534554918 7678393.61619419, 710628.8922828615 7677671.774936088, 710657.0351664074 7677655.876570212, 710705.7629643909 7678320.018492567, 710729.6724732884 7678246.420790951, 710685.1780499514 7677639.978204336, 710713.3209334974 7677624.079838459, 710753.5819821876 7678172.823089329)
14150.7340149
MULTIPOINT (710066.0346119561 7677989.742253619, 710077.6854346263 7678148.538671382, 710120.8746435833 7678337.716173827, 710094.1774955021 7677973.843887743, 710122.320379047 7677957.945521866, 710150.6088011634 7678343.506286405, 710180.3429587444 7678349.296398982, 710150.4632625928 7677942.047155989, 710178.6061461369 7677926.148790114, 710210.0771163235 7678355.08651156, 710239.8112739045 7678360.876624138, 710206.7490296827 7677910.250424237, 710234.8919132286 7677894.352058359, 710269.5454314855 7678366.666736715, 710299.2795890656 7678372.456849293, 710263.0347967736 7677878.453692484, 710291.1776803193 7677862.555326607, 710329.0137466466 7678378.246961871, 710358.7479042257 7678384.037074449, 710319.3205638635 7677846.65696073, 710347.4634474093 7677830.758594854, 710388.4820618068 7678389.827187026, 710418.2162193868 7678395.617299604, 710375.6063309542 7677814.860228977, 710403.7492145001 7677798.961863101, 710447.9503769679 7678401.407412182, 710477.684534547 7678407.197524759, 710431.8920980442 7677783.063497225, 710460.03498159 7677767.165131348, 710507.4186921279 7678412.987637337, 710537.152849709 7678418.777749915, 710488.1778651358 7677751.266765471, 710516.3207486807 7677735.368399595, 710566.887007289 7678424.567862492, 710596.6211648692 7678430.35797507, 710544.4636322258 7677719.470033718, 710572.6065157707 7677703.571667842, 710626.3553224492 7678436.148087648, 710656.0894800302 7678441.938200226, 710600.7493993165 7677687.673301965, 710628.8922828615 7677671.774936088, 710681.8534554918 7678393.61619419, 710705.7629643909 7678320.018492567, 710657.0351664074 7677655.876570212, 710685.1780499514 7677639.978204336, 710729.6724732884 7678246.420790951, 710753.5819821876 7678172.823089329, 710713.3209334974 7677624.079838459)
14335.0786201
MULTIPOINT (710753.5819821876 7678172.823089329, 710713.3209334974 7677624.079838459, 710685.1780499514 7677639.978204336, 710729.6724732884 7678246.420790951, 710705.7629643909 7678320.018492567, 710657.0351664074 7677655.876570212, 710628.8922828615 7677671.774936088, 710681.8534554918 7678393.61619419, 710656.0894800302 7678441.938200226, 710600.7493993165 7677687.673301965, 710572.6065157707 7677703.571667842, 710626.3553224492 7678436.148087648, 710596.6211648692 7678430.35797507, 710544.4636322258 7677719.470033718, 710516.3207486807 7677735.368399595, 710566.887007289 7678424.567862492, 710537.152849709 7678418.777749915, 710488.1778651358 7677751.266765471, 710460.03498159 7677767.165131348, 710507.4186921279 7678412.987637337, 710477.684534547 7678407.197524759, 710431.8920980442 7677783.063497225, 710403.7492145001 7677798.961863101, 710447.9503769679 7678401.407412182, 710418.2162193868 7678395.617299604, 710375.6063309542 7677814.860228977, 710347.4634474093 7677830.758594854, 710388.4820618068 7678389.827187026, 710358.7479042257 7678384.037074449, 710319.3205638635 7677846.65696073, 710291.1776803193 7677862.555326607, 710329.0137466466 7678378.246961871, 710299.2795890656 7678372.456849293, 710263.0347967736 7677878.453692484, 710234.8919132286 7677894.352058359, 710269.5454314855 7678366.666736715, 710239.8112739045 7678360.876624138, 710206.7490296827 7677910.250424237, 710178.6061461369 7677926.148790114, 710210.0771163235 7678355.08651156, 710180.3429587444 7678349.296398982, 710150.4632625928 7677942.047155989, 710122.320379047 7677957.945521866, 710150.6088011634 7678343.506286405, 710120.8746435833 7678337.716173827, 710094.1774955021 7677973.843887743, 710066.0346119561 7677989.742253619, 710077.6854346263 7678148.538671382)
14150.7340149
MULTIPOINT (710713.3209334974 7677624.079838459, 710753.5819821876 7678172.823089329, 710729.6724732884 7678246.420790951, 710685.1780499514 7677639.978204336, 710657.0351664074 7677655.876570212, 710705.7629643909 7678320.018492567, 710681.8534554918 7678393.61619419, 710628.8922828615 7677671.774936088, 710600.7493993165 7677687.673301965, 710656.0894800302 7678441.938200226, 710626.3553224492 7678436.148087648, 710572.6065157707 7677703.571667842, 710544.4636322258 7677719.470033718, 710596.6211648692 7678430.35797507, 710566.887007289 7678424.567862492, 710516.3207486807 7677735.368399595, 710488.1778651358 7677751.266765471, 710537.152849709 7678418.777749915, 710507.4186921279 7678412.987637337, 710460.03498159 7677767.165131348, 710431.8920980442 7677783.063497225, 710477.684534547 7678407.197524759, 710447.9503769679 7678401.407412182, 710403.7492145001 7677798.961863101, 710375.6063309542 7677814.860228977, 710418.2162193868 7678395.617299604, 710388.4820618068 7678389.827187026, 710347.4634474093 7677830.758594854, 710319.3205638635 7677846.65696073, 710358.7479042257 7678384.037074449, 710329.0137466466 7678378.246961871, 710291.1776803193 7677862.555326607, 710263.0347967736 7677878.453692484, 710299.2795890656 7678372.456849293, 710269.5454314855 7678366.666736715, 710234.8919132286 7677894.352058359, 710206.7490296827 7677910.250424237, 710239.8112739045 7678360.876624138, 710210.0771163235 7678355.08651156, 710178.6061461369 7677926.148790114, 710150.4632625928 7677942.047155989, 710180.3429587444 7678349.296398982, 710150.6088011634 7678343.506286405, 710122.320379047 7677957.945521866, 710094.1774955021 7677973.843887743, 710120.8746435833 7678337.716173827, 710077.6854346263 7678148.538671382, 710066.0346119561 7677989.742253619)
14335.0786201



8
[(707837.6120234405, 7677141.512119012), (708204.4088534731, 7676900.596204099), (708337.8836271209, 7677193.61637851), (707978.7386440496, 7677406.786519564), (707837.6120234405, 7677141.512119012)]
132.495510019
20
MULTIPOINT (708333.7215945445 7677184.47937473, 708150.2384502436 7677304.992983248, 707969.2284068499 7677388.910214857, 708321.4598865526 7677157.560971228, 708309.1981785608 7677130.642567727, 707955.4409022219 7677362.993970214, 707941.6533975942 7677337.077725573, 708296.9364705693 7677103.724164225, 708284.6747625779 7677076.805760724, 707927.8658929665 7677311.16148093, 707914.0783883388 7677285.245236288, 708272.4130545864 7677049.887357224, 708260.1513465947 7677022.968953722, 707900.2908837107 7677259.328991645, 707886.5033790827 7677233.412747002, 708247.8896386029 7676996.050550221, 708235.627930611 7676969.132146719, 707872.7158744546 7677207.496502359, 707858.9283698272 7677181.580257718, 708223.3662226198 7676942.213743218, 708211.1045146283 7676915.295339718, 707845.1408651995 7677155.664013076)
4980.64080162
MULTIPOINT (708150.2384502436 7677304.992983248, 708333.7215945445 7677184.47937473, 708321.4598865526 7677157.560971228, 707969.2284068499 7677388.910214857, 707955.4409022219 7677362.993970214, 708309.1981785608 7677130.642567727, 708296.9364705693 7677103.724164225, 707941.6533975942 7677337.077725573, 707927.8658929665 7677311.16148093, 708284.6747625779 7677076.805760724, 708272.4130545864 7677049.887357224, 707914.0783883388 7677285.245236288, 707900.2908837107 7677259.328991645, 708260.1513465947 7677022.968953722, 708247.8896386029 7676996.050550221, 707886.5033790827 7677233.412747002, 707872.7158744546 7677207.496502359, 708235.627930611 7676969.132146719, 708223.3662226198 7676942.213743218, 707858.9283698272 7677181.580257718, 707845.1408651995 7677155.664013076, 708211.1045146283 7676915.295339718)
4810.48007064
MULTIPOINT (707845.1408651995 7677155.664013076, 708211.1045146283 7676915.295339718, 708223.3662226198 7676942.213743218, 707858.9283698272 7677181.580257718, 707872.7158744546 7677207.496502359, 708235.627930611 7676969.132146719, 708247.8896386029 7676996.050550221, 707886.5033790827 7677233.412747002, 707900.2908837107 7677259.328991645, 708260.1513465947 7677022.968953722, 708272.4130545864 7677049.887357224, 707914.0783883388 7677285.245236288, 707927.8658929665 7677311.16148093, 708284.6747625779 7677076.805760724, 708296.9364705693 7677103.724164225, 707941.6533975942 7677337.077725573, 707955.4409022219 7677362.993970214, 708309.1981785608 7677130.642567727, 708321.4598865526 7677157.560971228, 707969.2284068499 7677388.910214857, 708150.2384502436 7677304.992983248, 708333.7215945445 7677184.47937473)
4980.64080162
MULTIPOINT (708211.1045146283 7676915.295339718, 707845.1408651995 7677155.664013076, 707858.9283698272 7677181.580257718, 708223.3662226198 7676942.213743218, 708235.627930611 7676969.132146719, 707872.7158744546 7677207.496502359, 707886.5033790827 7677233.412747002, 708247.8896386029 7676996.050550221, 708260.1513465947 7677022.968953722, 707900.2908837107 7677259.328991645, 707914.0783883388 7677285.245236288, 708272.4130545864 7677049.887357224, 708284.6747625779 7677076.805760724, 707927.8658929665 7677311.16148093, 707941.6533975942 7677337.077725573, 708296.9364705693 7677103.724164225, 708309.1981785608 7677130.642567727, 707955.4409022219 7677362.993970214, 707969.2284068499 7677388.910214857, 708321.4598865526 7677157.560971228, 708333.7215945445 7677184.47937473, 708150.2384502436 7677304.992983248)
4810.48007064



9
[(709339.9303553267, 7676709.886281068), (709139.5493882076, 7676448.116349531), (709119.6798671627, 7676144.938494068), (709397.093159322, 7675708.974114075), (709677.3691825287, 7675905.598715741), (709559.6923391618, 7676707.222714991), (709339.9303553267, 7676709.886281068)]
387.959778678
32
MULTIPOINT (709126.5984224975 7676250.50484187, 709148.8173100043 7676099.148016242, 709187.2210207239 7676038.795284754, 709135.7172116485 7676389.643321, 709153.9213939167 7676466.891380936, 709225.6247314432 7675978.442553264, 709264.0284421629 7675918.089821775, 709178.7114248605 7676499.276116853, 709203.5014558034 7676531.660852768, 709302.4321528812 7675857.737090288, 709340.8358635994 7675797.3843588, 709228.2914867464 7676564.045588685, 709253.0815176901 7676596.430324602, 709379.239574319 7675737.031627311, 709411.4263157224 7675719.029384361, 709277.8715486338 7676628.815060519, 709302.6615795776 7676661.199796435, 709438.2118643703 7675737.820495255, 709464.9974130164 7675756.611606149, 709327.4516105198 7676693.58453235, 709354.6287444533 7676709.708133193, 709491.7829616641 7675775.402717045, 709518.568510312 7675794.193827939, 709384.2254508592 7676709.349414265, 709413.822157265 7676708.990695337, 709545.3540589599 7675812.984938834, 709572.139607606 7675831.776049729, 709443.4188636692 7676708.63197641, 709473.015570075 7676708.273257482, 709598.9251562537 7675850.567160623, 709625.7107049015 7675869.358271518, 709502.6122764809 7676707.914538554, 709532.2089828869 7676707.555819627, 709652.4962535495 7675888.149382413)
13621.3964329
MULTIPOINT (709148.8173100043 7676099.148016242, 709126.5984224975 7676250.50484187, 709135.7172116485 7676389.643321, 709187.2210207239 7676038.795284754, 709225.6247314432 7675978.442553264, 709153.9213939167 7676466.891380936, 709178.7114248605 7676499.276116853, 709264.0284421629 7675918.089821775, 709302.4321528812 7675857.737090288, 709203.5014558034 7676531.660852768, 709228.2914867464 7676564.045588685, 709340.8358635994 7675797.3843588, 709379.239574319 7675737.031627311, 709253.0815176901 7676596.430324602, 709277.8715486338 7676628.815060519, 709411.4263157224 7675719.029384361, 709438.2118643703 7675737.820495255, 709302.6615795776 7676661.199796435, 709327.4516105198 7676693.58453235, 709464.9974130164 7675756.611606149, 709491.7829616641 7675775.402717045, 709354.6287444533 7676709.708133193, 709384.2254508592 7676709.349414265, 709518.568510312 7675794.193827939, 709545.3540589599 7675812.984938834, 709413.822157265 7676708.990695337, 709443.4188636692 7676708.63197641, 709572.139607606 7675831.776049729, 709598.9251562537 7675850.567160623, 709473.015570075 7676708.273257482, 709502.6122764809 7676707.914538554, 709625.7107049015 7675869.358271518, 709652.4962535495 7675888.149382413, 709532.2089828869 7676707.555819627)
13686.4935062
MULTIPOINT (709652.4962535495 7675888.149382413, 709532.2089828869 7676707.555819627, 709502.6122764809 7676707.914538554, 709625.7107049015 7675869.358271518, 709598.9251562537 7675850.567160623, 709473.015570075 7676708.273257482, 709443.4188636692 7676708.63197641, 709572.139607606 7675831.776049729, 709545.3540589599 7675812.984938834, 709413.822157265 7676708.990695337, 709384.2254508592 7676709.349414265, 709518.568510312 7675794.193827939, 709491.7829616641 7675775.402717045, 709354.6287444533 7676709.708133193, 709327.4516105198 7676693.58453235, 709464.9974130164 7675756.611606149, 709438.2118643703 7675737.820495255, 709302.6615795776 7676661.199796435, 709277.8715486338 7676628.815060519, 709411.4263157224 7675719.029384361, 709379.239574319 7675737.031627311, 709253.0815176901 7676596.430324602, 709228.2914867464 7676564.045588685, 709340.8358635994 7675797.3843588, 709302.4321528812 7675857.737090288, 709203.5014558034 7676531.660852768, 709178.7114248605 7676499.276116853, 709264.0284421629 7675918.089821775, 709225.6247314432 7675978.442553264, 709153.9213939167 7676466.891380936, 709135.7172116485 7676389.643321, 709187.2210207239 7676038.795284754, 709148.8173100043 7676099.148016242, 709126.5984224975 7676250.50484187)
13621.3964329
MULTIPOINT (709532.2089828869 7676707.555819627, 709652.4962535495 7675888.149382413, 709625.7107049015 7675869.358271518, 709502.6122764809 7676707.914538554, 709473.015570075 7676708.273257482, 709598.9251562537 7675850.567160623, 709572.139607606 7675831.776049729, 709443.4188636692 7676708.63197641, 709413.822157265 7676708.990695337, 709545.3540589599 7675812.984938834, 709518.568510312 7675794.193827939, 709384.2254508592 7676709.349414265, 709354.6287444533 7676709.708133193, 709491.7829616641 7675775.402717045, 709464.9974130164 7675756.611606149, 709327.4516105198 7676693.58453235, 709302.6615795776 7676661.199796435, 709438.2118643703 7675737.820495255, 709411.4263157224 7675719.029384361, 709277.8715486338 7676628.815060519, 709253.0815176901 7676596.430324602, 709379.239574319 7675737.031627311, 709340.8358635994 7675797.3843588, 709228.2914867464 7676564.045588685, 709203.5014558034 7676531.660852768, 709302.4321528812 7675857.737090288, 709264.0284421629 7675918.089821775, 709178.7114248605 7676499.276116853, 709153.9213939167 7676466.891380936, 709225.6247314432 7675978.442553264, 709187.2210207239 7676038.795284754, 709135.7172116485 7676389.643321, 709126.5984224975 7676250.50484187, 709148.8173100043 7676099.148016242)
13686.4935062



10
[(709086.4050529327, 7674703.029065731), (709082.1379904832, 7674580.53865431), (709189.6015809001, 7674415.211818866), (709697.432058632, 7674624.192864326), (709721.8616226602, 7674702.522366629), (709715.6335885143, 7674756.394641237), (709086.4050529327, 7674703.029065731)]
132.807458989
18
MULTIPOINT (709252.5541419283 7674441.11788909, 709176.9313734706 7674434.70423756, 709158.8592369269 7674462.507227697, 709342.3464586688 7674478.06898409, 709432.1387754092 7674515.02007909, 709140.7871003832 7674490.310217835, 709122.7149638394 7674518.113207972, 709521.9310921496 7674551.971174091, 709611.7234088901 7674588.922269091, 709104.6428272957 7674545.916198109, 709086.5706907519 7674573.719188246, 709697.8594643066 7674625.563272481, 709707.2573279728 7674655.696024045, 709082.9115529945 7674602.744560923, 709083.9365167135 7674632.167197483, 709716.6551916386 7674685.828775609, 709720.3637386911 7674715.479009869, 709084.9614804323 7674661.58983404, 709085.9864441513 7674691.0124706, 709717.005242796 7674744.529880319)
5022.02008924
MULTIPOINT (709176.9313734706 7674434.70423756, 709252.5541419283 7674441.11788909, 709342.3464586688 7674478.06898409, 709158.8592369269 7674462.507227697, 709140.7871003832 7674490.310217835, 709432.1387754092 7674515.02007909, 709521.9310921496 7674551.971174091, 709122.7149638394 7674518.113207972, 709104.6428272957 7674545.916198109, 709611.7234088901 7674588.922269091, 709697.8594643066 7674625.563272481, 709086.5706907519 7674573.719188246, 709082.9115529945 7674602.744560923, 709707.2573279728 7674655.696024045, 709716.6551916386 7674685.828775609, 709083.9365167135 7674632.167197483, 709084.9614804323 7674661.58983404, 709720.3637386911 7674715.479009869, 709717.005242796 7674744.529880319, 709085.9864441513 7674691.0124706)
5081.64293821
MULTIPOINT (709717.005242796 7674744.529880319, 709085.9864441513 7674691.0124706, 709084.9614804323 7674661.58983404, 709720.3637386911 7674715.479009869, 709716.6551916386 7674685.828775609, 709083.9365167135 7674632.167197483, 709082.9115529945 7674602.744560923, 709707.2573279728 7674655.696024045, 709697.8594643066 7674625.563272481, 709086.5706907519 7674573.719188246, 709104.6428272957 7674545.916198109, 709611.7234088901 7674588.922269091, 709521.9310921496 7674551.971174091, 709122.7149638394 7674518.113207972, 709140.7871003832 7674490.310217835, 709432.1387754092 7674515.02007909, 709342.3464586688 7674478.06898409, 709158.8592369269 7674462.507227697, 709176.9313734706 7674434.70423756, 709252.5541419283 7674441.11788909)
5022.02008924
MULTIPOINT (709085.9864441513 7674691.0124706, 709717.005242796 7674744.529880319, 709720.3637386911 7674715.479009869, 709084.9614804323 7674661.58983404, 709083.9365167135 7674632.167197483, 709716.6551916386 7674685.828775609, 709707.2573279728 7674655.696024045, 709082.9115529945 7674602.744560923, 709086.5706907519 7674573.719188246, 709697.8594643066 7674625.563272481, 709611.7234088901 7674588.922269091, 709104.6428272957 7674545.916198109, 709122.7149638394 7674518.113207972, 709521.9310921496 7674551.971174091, 709432.1387754092 7674515.02007909, 709140.7871003832 7674490.310217835, 709158.8592369269 7674462.507227697, 709342.3464586688 7674478.06898409, 709252.5541419283 7674441.11788909, 709176.9313734706 7674434.70423756)
5081.64293821
