710101.83625
7674732.54365
710932.21477,711023.16660,711503.20288,711323.74027,711093.23540,710932.21477
7675147.07865,7674454.89092,7675137.72888,7675208.51994,7675220.48347,7675147.07865
709791.90829,709878.01796,710126.40852,709791.90829
7673878.55930,7673584.03251,7673859.42543,7673878.55930
710692.23634,710721.37706,711214.50441,711151.01854,710692.23634
7676674.80743,7676110.61642,7676115.66415,7676663.94146,7676674.80743
712443.82135,712793.48396,713061.70232,712760.31657,712454.60382,712443.82135
7675403.03844,7675300.95787,7675639.50997,7675719.98323,7675652.50495,7675403.03844
712444.21495,712346.39147,712862.58545,713158.07693,713212.18961,712444.21495
7674986.12068,7674519.02028,7674448.22200,7674702.41007,7674875.08870,7674986.12068
708288.99644,708389.68321,708794.22282,708765.36020,708288.99644
7675838.50545,7675172.68763,7675614.74552,7675788.96329,7675838.50545
710058.22804,710714.28408,710754.40025,710665.55632,710101.04081,710058.22804
7677994.15231,7677623.53574,7678170.30431,7678443.78167,7678333.85395,7677994.15231
707837.61202,708204.40885,708337.88363,707978.73864,707837.61202
7677141.51212,7676900.59620,7677193.61638,7677406.78652,7677141.51212
709339.93036,709139.54939,709119.67987,709397.09316,709677.36918,709559.69234,709339.93036
7676709.88628,7676448.11635,7676144.93849,7675708.97411,7675905.59872,7676707.22271,7676709.88628
709086.40505,709082.13799,709189.60158,709697.43206,709721.86162,709715.63359,709086.40505
7674703.02907,7674580.53865,7674415.21182,7674624.19286,7674702.52237,7674756.39464,7674703.02907
