710101.836253 7674732.543651
710962.570061 7675160.916783
710935.463028 7675122.357798
711486.787411 7675144.204145
711019.864709 7674480.019879
709815.230444 7673877.225242
709797.912058 7673858.024188
709875.002142 7673594.347709
710114.693335 7673860.095550
710709.671797 7676337.241016
710735.895798 7676110.765035
711206.155619 7676115.578692
711142.636869 7676664.139977
712444.179999 7675411.336259
712804.672842 7675315.080757
713042.084101 7675614.747355
712698.805975 7675706.406341
712443.867021 7674984.459325
712674.447511 7674952.834196
712869.340659 7674454.032974
712347.763083 7674525.569634
708749.799850 7675790.581579
708778.919148 7675598.022541
708299.267574 7675837.437247
708398.359130 7675182.168189
710077.685435 7678148.538671
710066.034612 7677989.742254
710753.581982 7678172.823089
710713.320933 7677624.079838
708333.721595 7677184.479375
708150.238450 7677304.992983
707845.140865 7677155.664013
708211.104515 7676915.295340
709126.598422 7676250.504842
709148.817310 7676099.148016
709652.496254 7675888.149382
709532.208983 7676707.555820
709252.554142 7674441.117889
709176.931373 7674434.704238
709717.005243 7674744.529880
709085.986444 7674691.012471
