710101.83625
7674732.54365
710962.57006,710935.46303,710941.08981,711015.15282,711067.73557,710946.71659,710952.34336,711110.99098,711145.46425,710957.97014,710963.59692,711179.93752,711214.41079,710969.22370,710974.85048,711248.88406,711283.35733,710980.47726,710986.10404,711317.83061,711346.91857,710991.73082,710997.35759,711374.89234,711402.86610,711002.98437,711008.61115,711430.83987,711458.81364,711014.23793,711019.86471,711486.78741
7675160.91678,7675122.35780,7675079.53527,7675184.88780,7675208.85881,7675036.71274,7674993.89021,7675219.56193,7675217.77272,7674951.06769,7674908.24516,7675215.98351,7675214.19430,7674865.42263,7674822.60010,7675212.40508,7675210.61587,7674779.77757,7674736.95505,7675208.82666,7675199.37699,7674694.13252,7674651.30999,7675188.34242,7675177.30785,7674608.48746,7674565.66494,7675166.27328,7675155.23871,7674522.84241,7674480.01988,7675144.20414
710935.46303,710962.57006,711015.15282,710941.08981,710946.71659,711067.73557,711110.99098,710952.34336,710957.97014,711145.46425,711179.93752,710963.59692,710969.22370,711214.41079,711248.88406,710974.85048,710980.47726,711283.35733,711317.83061,710986.10404,710991.73082,711346.91857,711374.89234,710997.35759,711002.98437,711402.86610,711430.83987,711008.61115,711014.23793,711458.81364,711486.78741,711019.86471
7675122.35780,7675160.91678,7675184.88780,7675079.53527,7675036.71274,7675208.85881,7675219.56193,7674993.89021,7674951.06769,7675217.77272,7675215.98351,7674908.24516,7674865.42263,7675214.19430,7675212.40508,7674822.60010,7674779.77757,7675210.61587,7675208.82666,7674736.95505,7674694.13252,7675199.37699,7675188.34242,7674651.30999,7674608.48746,7675177.30785,7675166.27328,7674565.66494,7674522.84241,7675155.23871,7675144.20414,7674480.01988
711486.78741,711019.86471,711014.23793,711458.81364,711430.83987,711008.61115,711002.98437,711402.86610,711374.89234,710997.35759,710991.73082,711346.91857,711317.83061,710986.10404,710980.47726,711283.35733,711248.88406,710974.85048,710969.22370,711214.41079,711179.93752,710963.59692,710957.97014,711145.46425,711110.99098,710952.34336,710946.71659,711067.73557,711015.15282,710941.08981,710935.46303,710962.57006
7675144.20414,7674480.01988,7674522.84241,7675155.23871,7675166.27328,7674565.66494,7674608.48746,7675177.30785,7675188.34242,7674651.30999,7674694.13252,7675199.37699,7675208.82666,7674736.95505,7674779.77757,7675210.61587,7675212.40508,7674822.60010,7674865.42263,7675214.19430,7675215.98351,7674908.24516,7674951.06769,7675217.77272,7675219.56193,7674993.89021,7675036.71274,7675208.85881,7675184.88780,7675079.53527,7675122.35780,7675160.91678
711019.86471,711486.78741,711458.81364,711014.23793,711008.61115,711430.83987,711402.86610,711002.98437,710997.35759,711374.89234,711346.91857,710991.73082,710986.10404,711317.83061,711283.35733,710980.47726,710974.85048,711248.88406,711214.41079,710969.22370,710963.59692,711179.93752,711145.46425,710957.97014,710952.34336,711110.99098,711067.73557,710946.71659,710941.08981,711015.15282,710962.57006,710935.46303
7674480.01988,7675144.20414,7675155.23871,7674522.84241,7674565.66494,7675166.27328,7675177.30785,7674608.48746,7674651.30999,7675188.34242,7675199.37699,7674694.13252,7674736.95505,7675208.82666,7675210.61587,7674779.77757,7674822.60010,7675212.40508,7675214.19430,7674865.42263,7674908.24516,7675215.98351,7675217.77272,7674951.06769,7674993.89021,7675219.56193,7675208.85881,7675036.71274,7675079.53527,7675184.88780,7675160.91678,7675122.35780
709815.23044,709797.91206,709807.54832,709852.66331,709890.09617,709817.18458,709826.82084,709927.52903,709964.96189,709836.45710,709846.09336,710002.39475,710039.82761,709855.72962,709865.36588,710077.26047,710114.69333,709875.00214
7673877.22524,7673858.02419,7673825.06463,7673875.08403,7673872.94282,7673792.10507,7673759.14551,7673870.80161,7673868.66040,7673726.18595,7673693.22639,7673866.51918,7673864.37797,7673660.26683,7673627.30727,7673862.23676,7673860.09555,7673594.34771
709797.91206,709815.23044,709852.66331,709807.54832,709817.18458,709890.09617,709927.52903,709826.82084,709836.45710,709964.96189,710002.39475,709846.09336,709855.72962,710039.82761,710077.26047,709865.36588,709875.00214,710114.69333
7673858.02419,7673877.22524,7673875.08403,7673825.06463,7673792.10507,7673872.94282,7673870.80161,7673759.14551,7673726.18595,7673868.66040,7673866.51918,7673693.22639,7673660.26683,7673864.37797,7673862.23676,7673627.30727,7673594.34771,7673860.09555
709875.00214,710114.69333,710077.26047,709865.36588,709855.72962,710039.82761,710002.39475,709846.09336,709836.45710,709964.96189,709927.52903,709826.82084,709817.18458,709890.09617,709852.66331,709807.54832,709797.91206,709815.23044
7673594.34771,7673860.09555,7673862.23676,7673627.30727,7673660.26683,7673864.37797,7673866.51918,7673693.22639,7673726.18595,7673868.66040,7673870.80161,7673759.14551,7673792.10507,7673872.94282,7673875.08403,7673825.06463,7673858.02419,7673877.22524
710114.69333,709875.00214,709865.36588,710077.26047,710039.82761,709855.72962,709846.09336,710002.39475,709964.96189,709836.45710,709826.82084,709927.52903,709890.09617,709817.18458,709807.54832,709852.66331,709815.23044,709797.91206
7673860.09555,7673594.34771,7673627.30727,7673862.23676,7673864.37797,7673660.26683,7673693.22639,7673866.51918,7673868.66040,7673726.18595,7673759.14551,7673870.80161,7673872.94282,7673792.10507,7673825.06463,7673875.08403,7673877.22524,7673858.02419
710709.67180,710735.89580,710765.28704,710700.03192,710729.53892,710794.67828,710824.06951,710759.04591,710788.55291,710853.46075,710882.85199,710818.05991,710847.56690,710912.24323,710941.63447,710877.07390,710906.58090,710971.02571,711000.41695,710936.08789,710965.59489,711029.80819,711059.19942,710995.10189,711024.60888,711088.59066,711117.98190,711054.11588,711083.62288,711147.37314,711176.76438,711113.12987,711142.63687,711206.15562
7676337.24102,7676110.76504,7676111.06589,7676674.62280,7676673.92394,7676111.36674,7676111.66760,7676673.22509,7676672.52623,7676111.96845,7676112.26930,7676671.82738,7676671.12852,7676112.57016,7676112.87101,7676670.42967,7676669.73081,7676113.17186,7676113.47272,7676669.03196,7676668.33310,7676113.77357,7676114.07442,7676667.63425,7676666.93540,7676114.37528,7676114.67613,7676666.23654,7676665.53769,7676114.97698,7676115.27784,7676664.83883,7676664.13998,7676115.57869
710735.89580,710709.67180,710700.03192,710765.28704,710794.67828,710729.53892,710759.04591,710824.06951,710853.46075,710788.55291,710818.05991,710882.85199,710912.24323,710847.56690,710877.07390,710941.63447,710971.02571,710906.58090,710936.08789,711000.41695,711029.80819,710965.59489,710995.10189,711059.19942,711088.59066,711024.60888,711054.11588,711117.98190,711147.37314,711083.62288,711113.12987,711176.76438,711206.15562,711142.63687
7676110.76504,7676337.24102,7676674.62280,7676111.06589,7676111.36674,7676673.92394,7676673.22509,7676111.66760,7676111.96845,7676672.52623,7676671.82738,7676112.26930,7676112.57016,7676671.12852,7676670.42967,7676112.87101,7676113.17186,7676669.73081,7676669.03196,7676113.47272,7676113.77357,7676668.33310,7676667.63425,7676114.07442,7676114.37528,7676666.93540,7676666.23654,7676114.67613,7676114.97698,7676665.53769,7676664.83883,7676115.27784,7676115.57869,7676664.13998
711206.15562,711142.63687,711113.12987,711176.76438,711147.37314,711083.62288,711054.11588,711117.98190,711088.59066,711024.60888,710995.10189,711059.19942,711029.80819,710965.59489,710936.08789,711000.41695,710971.02571,710906.58090,710877.07390,710941.63447,710912.24323,710847.56690,710818.05991,710882.85199,710853.46075,710788.55291,710759.04591,710824.06951,710794.67828,710729.53892,710700.03192,710765.28704,710735.89580,710709.67180
7676115.57869,7676664.13998,7676664.83883,7676115.27784,7676114.97698,7676665.53769,7676666.23654,7676114.67613,7676114.37528,7676666.93540,7676667.63425,7676114.07442,7676113.77357,7676668.33310,7676669.03196,7676113.47272,7676113.17186,7676669.73081,7676670.42967,7676112.87101,7676112.57016,7676671.12852,7676671.82738,7676112.26930,7676111.96845,7676672.52623,7676673.22509,7676111.66760,7676111.36674,7676673.92394,7676674.62280,7676111.06589,7676110.76504,7676337.24102
711142.63687,711206.15562,711176.76438,711113.12987,711083.62288,711147.37314,711117.98190,711054.11588,711024.60888,711088.59066,711059.19942,710995.10189,710965.59489,711029.80819,711000.41695,710936.08789,710906.58090,710971.02571,710941.63447,710877.07390,710847.56690,710912.24323,710882.85199,710818.05991,710788.55291,710853.46075,710824.06951,710759.04591,710729.53892,710794.67828,710765.28704,710700.03192,710709.67180,710735.89580
7676664.13998,7676115.57869,7676115.27784,7676664.83883,7676665.53769,7676114.97698,7676114.67613,7676666.23654,7676666.93540,7676114.37528,7676114.07442,7676667.63425,7676668.33310,7676113.77357,7676113.47272,7676669.03196,7676669.73081,7676113.17186,7676112.87101,7676670.42967,7676671.12852,7676112.57016,7676112.26930,7676671.82738,7676672.52623,7676111.96845,7676111.66760,7676673.22509,7676673.92394,7676111.36674,7676111.06589,7676674.62280,7676337.24102,7676110.76504
712444.18000,712804.67284,712824.45711,712445.47276,712446.76551,712844.24139,712864.02566,712448.05827,712449.35103,712883.80993,712903.59420,712450.64379,712451.93655,712923.37847,712943.16274,712453.22930,712454.52206,712962.94701,712982.73129,712512.71222,712574.74347,713002.51556,713022.29983,712636.77472,712698.80598,713042.08410
7675411.33626,7675315.08076,7675340.05297,7675441.24591,7675471.15556,7675365.02519,7675389.99741,7675501.06521,7675530.97486,7675414.96962,7675439.94184,7675560.88452,7675590.79417,7675464.91406,7675489.88627,7675620.70382,7675650.61347,7675514.85849,7675539.83071,7675665.33090,7675679.02271,7675564.80292,7675589.77514,7675692.71453,7675706.40634,7675614.74735
712804.67284,712444.18000,712445.47276,712824.45711,712844.24139,712446.76551,712448.05827,712864.02566,712883.80993,712449.35103,712450.64379,712903.59420,712923.37847,712451.93655,712453.22930,712943.16274,712962.94701,712454.52206,712512.71222,712982.73129,713002.51556,712574.74347,712636.77472,713022.29983,713042.08410,712698.80598
7675315.08076,7675411.33626,7675441.24591,7675340.05297,7675365.02519,7675471.15556,7675501.06521,7675389.99741,7675414.96962,7675530.97486,7675560.88452,7675439.94184,7675464.91406,7675590.79417,7675620.70382,7675489.88627,7675514.85849,7675650.61347,7675665.33090,7675539.83071,7675564.80292,7675679.02271,7675692.71453,7675589.77514,7675614.74735,7675706.40634
713042.08410,712698.80598,712636.77472,713022.29983,713002.51556,712574.74347,712512.71222,712982.73129,712962.94701,712454.52206,712453.22930,712943.16274,712923.37847,712451.93655,712450.64379,712903.59420,712883.80993,712449.35103,712448.05827,712864.02566,712844.24139,712446.76551,712445.47276,712824.45711,712804.67284,712444.18000
7675614.74735,7675706.40634,7675692.71453,7675589.77514,7675564.80292,7675679.02271,7675665.33090,7675539.83071,7675514.85849,7675650.61347,7675620.70382,7675489.88627,7675464.91406,7675590.79417,7675560.88452,7675439.94184,7675414.96962,7675530.97486,7675501.06521,7675389.99741,7675365.02519,7675471.15556,7675441.24591,7675340.05297,7675315.08076,7675411.33626
712698.80598,713042.08410,713022.29983,712636.77472,712574.74347,713002.51556,712982.73129,712512.71222,712454.52206,712962.94701,712943.16274,712453.22930,712451.93655,712923.37847,712903.59420,712450.64379,712449.35103,712883.80993,712864.02566,712448.05827,712446.76551,712844.24139,712824.45711,712445.47276,712444.18000,712804.67284
7675706.40634,7675614.74735,7675589.77514,7675692.71453,7675679.02271,7675564.80292,7675539.83071,7675665.33090,7675650.61347,7675514.85849,7675489.88627,7675620.70382,7675590.79417,7675464.91406,7675439.94184,7675560.88452,7675530.97486,7675414.96962,7675389.99741,7675501.06521,7675471.15556,7675365.02519,7675340.05297,7675441.24591,7675411.33626,7675315.08076
712443.86702,712674.44751,713204.52412,712437.86052,712431.85403,713195.65927,713186.79442,712425.84753,712419.84104,713177.92957,713169.06472,712413.83454,712407.82804,713160.19987,713135.57915,712401.82155,712395.81505,713105.99710,713076.41504,712389.80856,712383.80206,713046.83299,713017.25093,712377.79556,712371.78907,712987.66888,712958.08682,712365.78257,712359.77607,712928.50477,712898.92271,712353.76958,712347.76308,712869.34066
7674984.45933,7674952.83420,7674850.62743,7674955.77872,7674927.09811,7674822.33886,7674794.05029,7674898.41751,7674869.73690,7674765.76172,7674737.47315,7674841.05630,7674812.37569,7674709.18458,7674683.05700,7674783.69509,7674755.01448,7674657.60989,7674632.16277,7674726.33387,7674697.65327,7674606.71566,7674581.26854,7674668.97266,7674640.29206,7674555.82143,7674530.37432,7674611.61145,7674582.93085,7674504.92720,7674479.48009,7674554.25024,7674525.56963,7674454.03297
712674.44751,712443.86702,712437.86052,713204.52412,713195.65927,712431.85403,712425.84753,713186.79442,713177.92957,712419.84104,712413.83454,713169.06472,713160.19987,712407.82804,712401.82155,713135.57915,713105.99710,712395.81505,712389.80856,713076.41504,713046.83299,712383.80206,712377.79556,713017.25093,712987.66888,712371.78907,712365.78257,712958.08682,712928.50477,712359.77607,712353.76958,712898.92271,712869.34066,712347.76308
7674952.83420,7674984.45933,7674955.77872,7674850.62743,7674822.33886,7674927.09811,7674898.41751,7674794.05029,7674765.76172,7674869.73690,7674841.05630,7674737.47315,7674709.18458,7674812.37569,7674783.69509,7674683.05700,7674657.60989,7674755.01448,7674726.33387,7674632.16277,7674606.71566,7674697.65327,7674668.97266,7674581.26854,7674555.82143,7674640.29206,7674611.61145,7674530.37432,7674504.92720,7674582.93085,7674554.25024,7674479.48009,7674454.03297,7674525.56963
712869.34066,712347.76308,712353.76958,712898.92271,712928.50477,712359.77607,712365.78257,712958.08682,712987.66888,712371.78907,712377.79556,713017.25093,713046.83299,712383.80206,712389.80856,713076.41504,713105.99710,712395.81505,712401.82155,713135.57915,713160.19987,712407.82804,712413.83454,713169.06472,713177.92957,712419.84104,712425.84753,713186.79442,713195.65927,712431.85403,712437.86052,713204.52412,712674.44751,712443.86702
7674454.03297,7674525.56963,7674554.25024,7674479.48009,7674504.92720,7674582.93085,7674611.61145,7674530.37432,7674555.82143,7674640.29206,7674668.97266,7674581.26854,7674606.71566,7674697.65327,7674726.33387,7674632.16277,7674657.60989,7674755.01448,7674783.69509,7674683.05700,7674709.18458,7674812.37569,7674841.05630,7674737.47315,7674765.76172,7674869.73690,7674898.41751,7674794.05029,7674822.33886,7674927.09811,7674955.77872,7674850.62743,7674952.83420,7674984.45933
712347.76308,712869.34066,712898.92271,712353.76958,712359.77607,712928.50477,712958.08682,712365.78257,712371.78907,712987.66888,713017.25093,712377.79556,712383.80206,713046.83299,713076.41504,712389.80856,712395.81505,713105.99710,713135.57915,712401.82155,712407.82804,713160.19987,713169.06472,712413.83454,712419.84104,713177.92957,713186.79442,712425.84753,712431.85403,713195.65927,713204.52412,712437.86052,712443.86702,712674.44751
7674525.56963,7674454.03297,7674479.48009,7674554.25024,7674582.93085,7674504.92720,7674530.37432,7674611.61145,7674640.29206,7674555.82143,7674581.26854,7674668.97266,7674697.65327,7674606.71566,7674632.16277,7674726.33387,7674755.01448,7674657.60989,7674683.05700,7674783.69509,7674812.37569,7674709.18458,7674737.47315,7674841.05630,7674869.73690,7674765.76172,7674794.05029,7674898.41751,7674927.09811,7674822.33886,7674850.62743,7674955.77872,7674984.45933,7674952.83420
708749.79985,708778.91915,708753.54848,708719.76436,708689.72888,708728.17781,708702.80714,708659.69339,708629.65791,708677.43648,708652.06581,708599.62242,708569.58694,708626.69514,708601.32447,708539.55145,708509.51597,708575.95380,708550.58314,708479.48048,708449.44500,708525.21247,708499.84180,708419.40951,708389.37403,708474.47113,708449.10047,708359.33854,708329.30306,708423.72980,708398.35913,708299.26757
7675790.58158,7675598.02254,7675570.29892,7675793.70529,7675796.82900,7675542.57529,7675514.85167,7675799.95271,7675803.07642,7675487.12805,7675459.40442,7675806.20013,7675809.32385,7675431.68080,7675403.95718,7675812.44756,7675815.57127,7675376.23355,7675348.50993,7675818.69498,7675821.81869,7675320.78631,7675293.06268,7675824.94240,7675828.06611,7675265.33906,7675237.61544,7675831.18982,7675834.31354,7675209.89181,7675182.16819,7675837.43725
708778.91915,708749.79985,708719.76436,708753.54848,708728.17781,708689.72888,708659.69339,708702.80714,708677.43648,708629.65791,708599.62242,708652.06581,708626.69514,708569.58694,708539.55145,708601.32447,708575.95380,708509.51597,708479.48048,708550.58314,708525.21247,708449.44500,708419.40951,708499.84180,708474.47113,708389.37403,708359.33854,708449.10047,708423.72980,708329.30306,708299.26757,708398.35913
7675598.02254,7675790.58158,7675793.70529,7675570.29892,7675542.57529,7675796.82900,7675799.95271,7675514.85167,7675487.12805,7675803.07642,7675806.20013,7675459.40442,7675431.68080,7675809.32385,7675812.44756,7675403.95718,7675376.23355,7675815.57127,7675818.69498,7675348.50993,7675320.78631,7675821.81869,7675824.94240,7675293.06268,7675265.33906,7675828.06611,7675831.18982,7675237.61544,7675209.89181,7675834.31354,7675837.43725,7675182.16819
708299.26757,708398.35913,708423.72980,708329.30306,708359.33854,708449.10047,708474.47113,708389.37403,708419.40951,708499.84180,708525.21247,708449.44500,708479.48048,708550.58314,708575.95380,708509.51597,708539.55145,708601.32447,708626.69514,708569.58694,708599.62242,708652.06581,708677.43648,708629.65791,708659.69339,708702.80714,708728.17781,708689.72888,708719.76436,708753.54848,708778.91915,708749.79985
7675837.43725,7675182.16819,7675209.89181,7675834.31354,7675831.18982,7675237.61544,7675265.33906,7675828.06611,7675824.94240,7675293.06268,7675320.78631,7675821.81869,7675818.69498,7675348.50993,7675376.23355,7675815.57127,7675812.44756,7675403.95718,7675431.68080,7675809.32385,7675806.20013,7675459.40442,7675487.12805,7675803.07642,7675799.95271,7675514.85167,7675542.57529,7675796.82900,7675793.70529,7675570.29892,7675598.02254,7675790.58158
708398.35913,708299.26757,708329.30306,708423.72980,708449.10047,708359.33854,708389.37403,708474.47113,708499.84180,708419.40951,708449.44500,708525.21247,708550.58314,708479.48048,708509.51597,708575.95380,708601.32447,708539.55145,708569.58694,708626.69514,708652.06581,708599.62242,708629.65791,708677.43648,708702.80714,708659.69339,708689.72888,708728.17781,708753.54848,708719.76436,708749.79985,708778.91915
7675182.16819,7675837.43725,7675834.31354,7675209.89181,7675237.61544,7675831.18982,7675828.06611,7675265.33906,7675293.06268,7675824.94240,7675821.81869,7675320.78631,7675348.50993,7675818.69498,7675815.57127,7675376.23355,7675403.95718,7675812.44756,7675809.32385,7675431.68080,7675459.40442,7675806.20013,7675803.07642,7675487.12805,7675514.85167,7675799.95271,7675796.82900,7675542.57529,7675570.29892,7675793.70529,7675790.58158,7675598.02254
710077.68543,710066.03461,710094.17750,710120.87464,710150.60880,710122.32038,710150.46326,710180.34296,710210.07712,710178.60615,710206.74903,710239.81127,710269.54543,710234.89191,710263.03480,710299.27959,710329.01375,710291.17768,710319.32056,710358.74790,710388.48206,710347.46345,710375.60633,710418.21622,710447.95038,710403.74921,710431.89210,710477.68453,710507.41869,710460.03498,710488.17787,710537.15285,710566.88701,710516.32075,710544.46363,710596.62116,710626.35532,710572.60652,710600.74940,710656.08948,710681.85346,710628.89228,710657.03517,710705.76296,710729.67247,710685.17805,710713.32093,710753.58198
7678148.53867,7677989.74225,7677973.84389,7678337.71617,7678343.50629,7677957.94552,7677942.04716,7678349.29640,7678355.08651,7677926.14879,7677910.25042,7678360.87662,7678366.66674,7677894.35206,7677878.45369,7678372.45685,7678378.24696,7677862.55533,7677846.65696,7678384.03707,7678389.82719,7677830.75859,7677814.86023,7678395.61730,7678401.40741,7677798.96186,7677783.06350,7678407.19752,7678412.98764,7677767.16513,7677751.26677,7678418.77775,7678424.56786,7677735.36840,7677719.47003,7678430.35798,7678436.14809,7677703.57167,7677687.67330,7678441.93820,7678393.61619,7677671.77494,7677655.87657,7678320.01849,7678246.42079,7677639.97820,7677624.07984,7678172.82309
710066.03461,710077.68543,710120.87464,710094.17750,710122.32038,710150.60880,710180.34296,710150.46326,710178.60615,710210.07712,710239.81127,710206.74903,710234.89191,710269.54543,710299.27959,710263.03480,710291.17768,710329.01375,710358.74790,710319.32056,710347.46345,710388.48206,710418.21622,710375.60633,710403.74921,710447.95038,710477.68453,710431.89210,710460.03498,710507.41869,710537.15285,710488.17787,710516.32075,710566.88701,710596.62116,710544.46363,710572.60652,710626.35532,710656.08948,710600.74940,710628.89228,710681.85346,710705.76296,710657.03517,710685.17805,710729.67247,710753.58198,710713.32093
7677989.74225,7678148.53867,7678337.71617,7677973.84389,7677957.94552,7678343.50629,7678349.29640,7677942.04716,7677926.14879,7678355.08651,7678360.87662,7677910.25042,7677894.35206,7678366.66674,7678372.45685,7677878.45369,7677862.55533,7678378.24696,7678384.03707,7677846.65696,7677830.75859,7678389.82719,7678395.61730,7677814.86023,7677798.96186,7678401.40741,7678407.19752,7677783.06350,7677767.16513,7678412.98764,7678418.77775,7677751.26677,7677735.36840,7678424.56786,7678430.35798,7677719.47003,7677703.57167,7678436.14809,7678441.93820,7677687.67330,7677671.77494,7678393.61619,7678320.01849,7677655.87657,7677639.97820,7678246.42079,7678172.82309,7677624.07984
710753.58198,710713.32093,710685.17805,710729.67247,710705.76296,710657.03517,710628.89228,710681.85346,710656.08948,710600.74940,710572.60652,710626.35532,710596.62116,710544.46363,710516.32075,710566.88701,710537.15285,710488.17787,710460.03498,710507.41869,710477.68453,710431.89210,710403.74921,710447.95038,710418.21622,710375.60633,710347.46345,710388.48206,710358.74790,710319.32056,710291.17768,710329.01375,710299.27959,710263.03480,710234.89191,710269.54543,710239.81127,710206.74903,710178.60615,710210.07712,710180.34296,710150.46326,710122.32038,710150.60880,710120.87464,710094.17750,710066.03461,710077.68543
7678172.82309,7677624.07984,7677639.97820,7678246.42079,7678320.01849,7677655.87657,7677671.77494,7678393.61619,7678441.93820,7677687.67330,7677703.57167,7678436.14809,7678430.35798,7677719.47003,7677735.36840,7678424.56786,7678418.77775,7677751.26677,7677767.16513,7678412.98764,7678407.19752,7677783.06350,7677798.96186,7678401.40741,7678395.61730,7677814.86023,7677830.75859,7678389.82719,7678384.03707,7677846.65696,7677862.55533,7678378.24696,7678372.45685,7677878.45369,7677894.35206,7678366.66674,7678360.87662,7677910.25042,7677926.14879,7678355.08651,7678349.29640,7677942.04716,7677957.94552,7678343.50629,7678337.71617,7677973.84389,7677989.74225,7678148.53867
710713.32093,710753.58198,710729.67247,710685.17805,710657.03517,710705.76296,710681.85346,710628.89228,710600.74940,710656.08948,710626.35532,710572.60652,710544.46363,710596.62116,710566.88701,710516.32075,710488.17787,710537.15285,710507.41869,710460.03498,710431.89210,710477.68453,710447.95038,710403.74921,710375.60633,710418.21622,710388.48206,710347.46345,710319.32056,710358.74790,710329.01375,710291.17768,710263.03480,710299.27959,710269.54543,710234.89191,710206.74903,710239.81127,710210.07712,710178.60615,710150.46326,710180.34296,710150.60880,710122.32038,710094.17750,710120.87464,710077.68543,710066.03461
7677624.07984,7678172.82309,7678246.42079,7677639.97820,7677655.87657,7678320.01849,7678393.61619,7677671.77494,7677687.67330,7678441.93820,7678436.14809,7677703.57167,7677719.47003,7678430.35798,7678424.56786,7677735.36840,7677751.26677,7678418.77775,7678412.98764,7677767.16513,7677783.06350,7678407.19752,7678401.40741,7677798.96186,7677814.86023,7678395.61730,7678389.82719,7677830.75859,7677846.65696,7678384.03707,7678378.24696,7677862.55533,7677878.45369,7678372.45685,7678366.66674,7677894.35206,7677910.25042,7678360.87662,7678355.08651,7677926.14879,7677942.04716,7678349.29640,7678343.50629,7677957.94552,7677973.84389,7678337.71617,7678148.53867,7677989.74225
708333.72159,708150.23845,707969.22841,708321.45989,708309.19818,707955.44090,707941.65340,708296.93647,708284.67476,707927.86589,707914.07839,708272.41305,708260.15135,707900.29088,707886.50338,708247.88964,708235.62793,707872.71587,707858.92837,708223.36622,708211.10451,707845.14087
7677184.47937,7677304.99298,7677388.91021,7677157.56097,7677130.64257,7677362.99397,7677337.07773,7677103.72416,7677076.80576,7677311.16148,7677285.24524,7677049.88736,7677022.96895,7677259.32899,7677233.41275,7676996.05055,7676969.13215,7677207.49650,7677181.58026,7676942.21374,7676915.29534,7677155.66401
708150.23845,708333.72159,708321.45989,707969.22841,707955.44090,708309.19818,708296.93647,707941.65340,707927.86589,708284.67476,708272.41305,707914.07839,707900.29088,708260.15135,708247.88964,707886.50338,707872.71587,708235.62793,708223.36622,707858.92837,707845.14087,708211.10451
7677304.99298,7677184.47937,7677157.56097,7677388.91021,7677362.99397,7677130.64257,7677103.72416,7677337.07773,7677311.16148,7677076.80576,7677049.88736,7677285.24524,7677259.32899,7677022.96895,7676996.05055,7677233.41275,7677207.49650,7676969.13215,7676942.21374,7677181.58026,7677155.66401,7676915.29534
707845.14087,708211.10451,708223.36622,707858.92837,707872.71587,708235.62793,708247.88964,707886.50338,707900.29088,708260.15135,708272.41305,707914.07839,707927.86589,708284.67476,708296.93647,707941.65340,707955.44090,708309.19818,708321.45989,707969.22841,708150.23845,708333.72159
7677155.66401,7676915.29534,7676942.21374,7677181.58026,7677207.49650,7676969.13215,7676996.05055,7677233.41275,7677259.32899,7677022.96895,7677049.88736,7677285.24524,7677311.16148,7677076.80576,7677103.72416,7677337.07773,7677362.99397,7677130.64257,7677157.56097,7677388.91021,7677304.99298,7677184.47937
708211.10451,707845.14087,707858.92837,708223.36622,708235.62793,707872.71587,707886.50338,708247.88964,708260.15135,707900.29088,707914.07839,708272.41305,708284.67476,707927.86589,707941.65340,708296.93647,708309.19818,707955.44090,707969.22841,708321.45989,708333.72159,708150.23845
7676915.29534,7677155.66401,7677181.58026,7676942.21374,7676969.13215,7677207.49650,7677233.41275,7676996.05055,7677022.96895,7677259.32899,7677285.24524,7677049.88736,7677076.80576,7677311.16148,7677337.07773,7677103.72416,7677130.64257,7677362.99397,7677388.91021,7677157.56097,7677184.47937,7677304.99298
709126.59842,709148.81731,709187.22102,709135.71721,709153.92139,709225.62473,709264.02844,709178.71142,709203.50146,709302.43215,709340.83586,709228.29149,709253.08152,709379.23957,709411.42632,709277.87155,709302.66158,709438.21186,709464.99741,709327.45161,709354.62874,709491.78296,709518.56851,709384.22545,709413.82216,709545.35406,709572.13961,709443.41886,709473.01557,709598.92516,709625.71070,709502.61228,709532.20898,709652.49625
7676250.50484,7676099.14802,7676038.79528,7676389.64332,7676466.89138,7675978.44255,7675918.08982,7676499.27612,7676531.66085,7675857.73709,7675797.38436,7676564.04559,7676596.43032,7675737.03163,7675719.02938,7676628.81506,7676661.19980,7675737.82050,7675756.61161,7676693.58453,7676709.70813,7675775.40272,7675794.19383,7676709.34941,7676708.99070,7675812.98494,7675831.77605,7676708.63198,7676708.27326,7675850.56716,7675869.35827,7676707.91454,7676707.55582,7675888.14938
709148.81731,709126.59842,709135.71721,709187.22102,709225.62473,709153.92139,709178.71142,709264.02844,709302.43215,709203.50146,709228.29149,709340.83586,709379.23957,709253.08152,709277.87155,709411.42632,709438.21186,709302.66158,709327.45161,709464.99741,709491.78296,709354.62874,709384.22545,709518.56851,709545.35406,709413.82216,709443.41886,709572.13961,709598.92516,709473.01557,709502.61228,709625.71070,709652.49625,709532.20898
7676099.14802,7676250.50484,7676389.64332,7676038.79528,7675978.44255,7676466.89138,7676499.27612,7675918.08982,7675857.73709,7676531.66085,7676564.04559,7675797.38436,7675737.03163,7676596.43032,7676628.81506,7675719.02938,7675737.82050,7676661.19980,7676693.58453,7675756.61161,7675775.40272,7676709.70813,7676709.34941,7675794.19383,7675812.98494,7676708.99070,7676708.63198,7675831.77605,7675850.56716,7676708.27326,7676707.91454,7675869.35827,7675888.14938,7676707.55582
709652.49625,709532.20898,709502.61228,709625.71070,709598.92516,709473.01557,709443.41886,709572.13961,709545.35406,709413.82216,709384.22545,709518.56851,709491.78296,709354.62874,709327.45161,709464.99741,709438.21186,709302.66158,709277.87155,709411.42632,709379.23957,709253.08152,709228.29149,709340.83586,709302.43215,709203.50146,709178.71142,709264.02844,709225.62473,709153.92139,709135.71721,709187.22102,709148.81731,709126.59842
7675888.14938,7676707.55582,7676707.91454,7675869.35827,7675850.56716,7676708.27326,7676708.63198,7675831.77605,7675812.98494,7676708.99070,7676709.34941,7675794.19383,7675775.40272,7676709.70813,7676693.58453,7675756.61161,7675737.82050,7676661.19980,7676628.81506,7675719.02938,7675737.03163,7676596.43032,7676564.04559,7675797.38436,7675857.73709,7676531.66085,7676499.27612,7675918.08982,7675978.44255,7676466.89138,7676389.64332,7676038.79528,7676099.14802,7676250.50484
709532.20898,709652.49625,709625.71070,709502.61228,709473.01557,709598.92516,709572.13961,709443.41886,709413.82216,709545.35406,709518.56851,709384.22545,709354.62874,709491.78296,709464.99741,709327.45161,709302.66158,709438.21186,709411.42632,709277.87155,709253.08152,709379.23957,709340.83586,709228.29149,709203.50146,709302.43215,709264.02844,709178.71142,709153.92139,709225.62473,709187.22102,709135.71721,709126.59842,709148.81731
7676707.55582,7675888.14938,7675869.35827,7676707.91454,7676708.27326,7675850.56716,7675831.77605,7676708.63198,7676708.99070,7675812.98494,7675794.19383,7676709.34941,7676709.70813,7675775.40272,7675756.61161,7676693.58453,7676661.19980,7675737.82050,7675719.02938,7676628.81506,7676596.43032,7675737.03163,7675797.38436,7676564.04559,7676531.66085,7675857.73709,7675918.08982,7676499.27612,7676466.89138,7675978.44255,7676038.79528,7676389.64332,7676250.50484,7676099.14802
709252.55414,709176.93137,709158.85924,709342.34646,709432.13878,709140.78710,709122.71496,709521.93109,709611.72341,709104.64283,709086.57069,709697.85946,709707.25733,709082.91155,709083.93652,709716.65519,709720.36374,709084.96148,709085.98644,709717.00524
7674441.11789,7674434.70424,7674462.50723,7674478.06898,7674515.02008,7674490.31022,7674518.11321,7674551.97117,7674588.92227,7674545.91620,7674573.71919,7674625.56327,7674655.69602,7674602.74456,7674632.16720,7674685.82878,7674715.47901,7674661.58983,7674691.01247,7674744.52988
709176.93137,709252.55414,709342.34646,709158.85924,709140.78710,709432.13878,709521.93109,709122.71496,709104.64283,709611.72341,709697.85946,709086.57069,709082.91155,709707.25733,709716.65519,709083.93652,709084.96148,709720.36374,709717.00524,709085.98644
7674434.70424,7674441.11789,7674478.06898,7674462.50723,7674490.31022,7674515.02008,7674551.97117,7674518.11321,7674545.91620,7674588.92227,7674625.56327,7674573.71919,7674602.74456,7674655.69602,7674685.82878,7674632.16720,7674661.58983,7674715.47901,7674744.52988,7674691.01247
709717.00524,709085.98644,709084.96148,709720.36374,709716.65519,709083.93652,709082.91155,709707.25733,709697.85946,709086.57069,709104.64283,709611.72341,709521.93109,709122.71496,709140.78710,709432.13878,709342.34646,709158.85924,709176.93137,709252.55414
7674744.52988,7674691.01247,7674661.58983,7674715.47901,7674685.82878,7674632.16720,7674602.74456,7674655.69602,7674625.56327,7674573.71919,7674545.91620,7674588.92227,7674551.97117,7674518.11321,7674490.31022,7674515.02008,7674478.06898,7674462.50723,7674434.70424,7674441.11789
709085.98644,709717.00524,709720.36374,709084.96148,709083.93652,709716.65519,709707.25733,709082.91155,709086.57069,709697.85946,709611.72341,709104.64283,709122.71496,709521.93109,709432.13878,709140.78710,709158.85924,709342.34646,709252.55414,709176.93137
7674691.01247,7674744.52988,7674715.47901,7674661.58983,7674632.16720,7674685.82878,7674655.69602,7674602.74456,7674573.71919,7674625.56327,7674588.92227,7674545.91620,7674518.11321,7674551.97117,7674515.02008,7674490.31022,7674462.50723,7674478.06898,7674441.11789,7674434.70424
