642735.18509
7681947.75460
642516.28224,642499.23065,642515.69612,642559.04107,642601.79991,642541.96683,642572.24405,642644.55874,642672.10579,642602.52128,642632.79851,642694.64802,642717.19026,642663.07574,642693.35297,642739.73249
7682668.69369,7682771.41542,7682850.72544,7682589.60793,7682510.52217,7682870.96699,7682867.07257,7682431.43641,7682443.98907,7682863.17816,7682859.28374,7682486.69160,7682529.39413,7682855.38933,7682851.49491,7682572.09666
642499.23065,642516.28224,642559.04107,642515.69612,642541.96683,642601.79991,642644.55874,642572.24405,642602.52128,642672.10579,642694.64802,642632.79851,642663.07574,642717.19026,642739.73249,642693.35297
7682771.41542,7682668.69369,7682589.60793,7682850.72544,7682870.96699,7682510.52217,7682431.43641,7682867.07257,7682863.17816,7682443.98907,7682486.69160,7682859.28374,7682855.38933,7682529.39413,7682572.09666,7682851.49491
642739.73249,642693.35297,642663.07574,642717.19026,642694.64802,642632.79851,642602.52128,642672.10579,642644.55874,642572.24405,642541.96683,642601.79991,642559.04107,642515.69612,642499.23065,642516.28224
7682572.09666,7682851.49491,7682855.38933,7682529.39413,7682486.69160,7682859.28374,7682863.17816,7682443.98907,7682431.43641,7682867.07257,7682870.96699,7682510.52217,7682589.60793,7682850.72544,7682771.41542,7682668.69369
642693.35297,642739.73249,642717.19026,642663.07574,642632.79851,642694.64802,642672.10579,642602.52128,642572.24405,642644.55874,642601.79991,642541.96683,642515.69612,642559.04107,642516.28224,642499.23065
7682851.49491,7682572.09666,7682529.39413,7682855.38933,7682859.28374,7682486.69160,7682443.98907,7682863.17816,7682867.07257,7682431.43641,7682510.52217,7682870.96699,7682850.72544,7682589.60793,7682668.69369,7682771.41542
642048.52305,642072.98466,642101.48593,642021.72559,641994.92814,642129.98720,642158.48847,642026.53487
7683246.80251,7683256.89888,7683237.03985,7683204.11930,7683161.43610,7683217.18082,7683197.32179,7683142.85883
642072.98466,642048.52305,642021.72559,642101.48593,642129.98720,641994.92814,642026.53487,642158.48847
7683256.89888,7683246.80251,7683204.11930,7683237.03985,7683217.18082,7683161.43610,7683142.85883,7683197.32179
642026.53487,642158.48847,642129.98720,641994.92814,642021.72559,642101.48593,642072.98466,642048.52305
7683142.85883,7683197.32179,7683217.18082,7683161.43610,7683204.11930,7683237.03985,7683256.89888,7683246.80251
642158.48847,642026.53487,641994.92814,642129.98720,642101.48593,642021.72559,642048.52305,642072.98466
7683197.32179,7683142.85883,7683161.43610,7683217.18082,7683237.03985,7683204.11930,7683246.80251,7683256.89888
641885.55318,641882.82786,641886.97407,641929.23232,641972.91147,641914.45003,641942.48323,642002.15779,642022.13373,641970.51642,641998.54961,642042.10966
7683242.45651,7683250.38857,7683328.27897,7683205.28589,7683168.11528,7683338.26790,7683346.63500,7683172.95156,7683204.76939,7683355.00209,7683363.36919,7683236.58722
641882.82786,641885.55318,641929.23232,641886.97407,641914.45003,641972.91147,642002.15779,641942.48323,641970.51642,642022.13373,642042.10966,641998.54961
7683250.38857,7683242.45651,7683205.28589,7683328.27897,7683338.26790,7683168.11528,7683172.95156,7683346.63500,7683355.00209,7683204.76939,7683236.58722,7683363.36919
642042.10966,641998.54961,641970.51642,642022.13373,642002.15779,641942.48323,641914.45003,641972.91147,641929.23232,641886.97407,641882.82786,641885.55318
7683236.58722,7683363.36919,7683355.00209,7683204.76939,7683172.95156,7683346.63500,7683338.26790,7683168.11528,7683205.28589,7683328.27897,7683250.38857,7683242.45651
641998.54961,642042.10966,642022.13373,641970.51642,641942.48323,642002.15779,641972.91147,641914.45003,641886.97407,641929.23232,641885.55318,641882.82786
7683363.36919,7683236.58722,7683204.76939,7683355.00209,7683346.63500,7683172.95156,7683168.11528,7683338.26790,7683328.27897,7683205.28589,7683242.45651,7683250.38857
642337.96242,642408.35681,642467.54043,642317.50803,642297.05364,642526.72405,642585.90767,642276.59924,642264.34851,642603.60512,642601.63283,642252.66446,642240.98041,642599.66053,642597.68824,642229.29636,642217.61232,642595.71594,642593.74365,642205.92827
7683176.24408,7683198.03387,7683246.95259,7683200.51176,7683224.77943,7683295.87132,7683344.79004,7683249.04711,7683275.85414,7683380.86720,7683410.85580,7683302.83658,7683329.81901,7683440.84440,7683470.83300,7683356.80145,7683383.78389,7683500.82161,7683530.81021,7683410.76633
642408.35681,642337.96242,642317.50803,642467.54043,642526.72405,642297.05364,642276.59924,642585.90767,642603.60512,642264.34851,642252.66446,642601.63283,642599.66053,642240.98041,642229.29636,642597.68824,642595.71594,642217.61232,642205.92827,642593.74365
7683198.03387,7683176.24408,7683200.51176,7683246.95259,7683295.87132,7683224.77943,7683249.04711,7683344.79004,7683380.86720,7683275.85414,7683302.83658,7683410.85580,7683440.84440,7683329.81901,7683356.80145,7683470.83300,7683500.82161,7683383.78389,7683410.76633,7683530.81021
642205.92827,642593.74365,642595.71594,642217.61232,642229.29636,642597.68824,642599.66053,642240.98041,642252.66446,642601.63283,642603.60512,642264.34851,642276.59924,642585.90767,642526.72405,642297.05364,642317.50803,642467.54043,642408.35681,642337.96242
7683410.76633,7683530.81021,7683500.82161,7683383.78389,7683356.80145,7683470.83300,7683440.84440,7683329.81901,7683302.83658,7683410.85580,7683380.86720,7683275.85414,7683249.04711,7683344.79004,7683295.87132,7683224.77943,7683200.51176,7683246.95259,7683198.03387,7683176.24408
642593.74365,642205.92827,642217.61232,642595.71594,642597.68824,642229.29636,642240.98041,642599.66053,642601.63283,642252.66446,642264.34851,642603.60512,642585.90767,642276.59924,642297.05364,642526.72405,642467.54043,642317.50803,642337.96242,642408.35681
7683530.81021,7683410.76633,7683383.78389,7683500.82161,7683470.83300,7683356.80145,7683329.81901,7683440.84440,7683410.85580,7683302.83658,7683275.85414,7683380.86720,7683344.79004,7683249.04711,7683224.77943,7683295.87132,7683246.95259,7683200.51176,7683176.24408,7683198.03387
641591.04093,641493.35272,641468.72596,641575.43181,641559.82268,641444.09920
7682358.06479,7682448.43660,7682431.39831,7682332.68425,7682307.30370,7682414.36002
641493.35272,641591.04093,641575.43181,641468.72596,641444.09920,641559.82268
7682448.43660,7682358.06479,7682332.68425,7682431.39831,7682414.36002,7682307.30370
641444.09920,641559.82268,641575.43181,641468.72596,641493.35272,641591.04093
7682414.36002,7682307.30370,7682332.68425,7682431.39831,7682448.43660,7682358.06479
641559.82268,641444.09920,641468.72596,641575.43181,641591.04093,641493.35272
7682307.30370,7682414.36002,7682431.39831,7682332.68425,7682358.06479,7682448.43660
641830.61112,641550.89122,641567.89223,641887.52557,641944.44002,641584.89325,641604.47422,641999.51960,641961.80008,641634.62424,641683.30991,641924.08056
7682264.15871,7682292.78108,7682320.42485,7682287.71834,7682311.27796,7682348.06862,7682375.44839,7682335.02534,7682368.26839,7682401.74669,7682426.14832,7682401.51145
641550.89122,641830.61112,641887.52557,641567.89223,641584.89325,641944.44002,641999.51960,641604.47422,641634.62424,641961.80008,641924.08056,641683.30991
7682292.78108,7682264.15871,7682287.71834,7682320.42485,7682348.06862,7682311.27796,7682335.02534,7682375.44839,7682401.74669,7682368.26839,7682401.51145,7682426.14832
641924.08056,641683.30991,641634.62424,641961.80008,641999.51960,641604.47422,641584.89325,641944.44002,641887.52557,641567.89223,641550.89122,641830.61112
7682401.51145,7682426.14832,7682401.74669,7682368.26839,7682335.02534,7682375.44839,7682348.06862,7682311.27796,7682287.71834,7682320.42485,7682292.78108,7682264.15871
641683.30991,641924.08056,641961.80008,641634.62424,641604.47422,641999.51960,641944.44002,641584.89325,641567.89223,641887.52557,641830.61112,641550.89122
7682426.14832,7682401.51145,7682368.26839,7682401.74669,7682375.44839,7682335.02534,7682311.27796,7682348.06862,7682320.42485,7682287.71834,7682264.15871,7682292.78108
642204.90136,642154.99982,642176.46103,642238.05385,642271.20633,642197.92224,642219.38345,642304.35881,642336.19906,642240.84465,642262.30586,642347.14574
7681520.20153,7681404.93167,7681380.92879,7681523.20487,7681526.20821,7681356.92591,7681332.92304,7681529.21155,7681529.18370,7681308.92016,7681284.91728,7681480.89283
642154.99982,642204.90136,642238.05385,642176.46103,642197.92224,642271.20633,642304.35881,642219.38345,642240.84465,642336.19906,642347.14574,642262.30586
7681404.93167,7681520.20153,7681523.20487,7681380.92879,7681356.92591,7681526.20821,7681529.21155,7681332.92304,7681308.92016,7681529.18370,7681480.89283,7681284.91728
642347.14574,642262.30586,642240.84465,642336.19906,642304.35881,642219.38345,642197.92224,642271.20633,642238.05385,642176.46103,642154.99982,642204.90136
7681480.89283,7681284.91728,7681308.92016,7681529.18370,7681529.21155,7681332.92304,7681356.92591,7681526.20821,7681523.20487,7681380.92879,7681404.93167,7681520.20153
642262.30586,642347.14574,642336.19906,642240.84465,642219.38345,642304.35881,642271.20633,642197.92224,642176.46103,642238.05385,642204.90136,642154.99982
7681284.91728,7681480.89283,7681529.18370,7681308.92016,7681332.92304,7681529.21155,7681526.20821,7681356.92591,7681380.92879,7681523.20487,7681520.20153,7681404.93167
642270.97382,642104.25104,642035.63709,642250.85175,642230.72968,642030.71745,642025.79782,642210.60761,642190.48554,642020.87818,642015.95854,642170.36347,642150.24140,642011.03891
7681275.22277,7681189.07760,7681186.52714,7681297.72791,7681320.23306,7681216.88734,7681247.24754,7681342.73820,7681365.24335,7681277.60773,7681307.96793,7681387.74849,7681410.25364,7681338.32813
642104.25104,642270.97382,642250.85175,642035.63709,642030.71745,642230.72968,642210.60761,642025.79782,642020.87818,642190.48554,642170.36347,642015.95854,642011.03891,642150.24140
7681189.07760,7681275.22277,7681297.72791,7681186.52714,7681216.88734,7681320.23306,7681342.73820,7681247.24754,7681277.60773,7681365.24335,7681387.74849,7681307.96793,7681338.32813,7681410.25364
642011.03891,642150.24140,642170.36347,642015.95854,642020.87818,642190.48554,642210.60761,642025.79782,642030.71745,642230.72968,642250.85175,642035.63709,642104.25104,642270.97382
7681338.32813,7681410.25364,7681387.74849,7681307.96793,7681277.60773,7681365.24335,7681342.73820,7681247.24754,7681216.88734,7681320.23306,7681297.72791,7681186.52714,7681189.07760,7681275.22277
642150.24140,642011.03891,642015.95854,642170.36347,642190.48554,642020.87818,642025.79782,642210.60761,642230.72968,642030.71745,642035.63709,642250.85175,642270.97382,642104.25104
7681410.25364,7681338.32813,7681307.96793,7681387.74849,7681365.24335,7681277.60773,7681247.24754,7681342.73820,7681320.23306,7681216.88734,7681186.52714,7681297.72791,7681275.22277,7681189.07760
641781.13468,641792.86039,641828.22414,641804.07757
7681191.86685,7681234.62951,7681253.06096,7681165.00054
641792.86039,641781.13468,641804.07757,641828.22414
7681234.62951,7681191.86685,7681165.00054,7681253.06096
641804.07757,641828.22414,641792.86039,641781.13468
7681165.00054,7681253.06096,7681234.62951,7681191.86685
641828.22414,641804.07757,641781.13468,641792.86039
7681253.06096,7681165.00054,7681191.86685,7681234.62951
641879.44895,641905.71618,642012.01618,641863.99127,641848.53360,642016.69205,642021.36791,641836.90992,641828.37336,642026.04378,642030.71964,641819.83680,641829.18568,642035.39551
7681339.11967,7681343.64502,7681332.29714,7681306.79520,7681274.47074,7681303.44131,7681274.58548,7681242.80680,7681211.67471,7681245.72965,7681216.87382,7681180.54263,7681152.49187,7681188.01799
641905.71618,641879.44895,641863.99127,642012.01618,642016.69205,641848.53360,641836.90992,642021.36791,642026.04378,641828.37336,641819.83680,642030.71964,642035.39551,641829.18568
7681343.64502,7681339.11967,7681306.79520,7681332.29714,7681303.44131,7681274.47074,7681242.80680,7681274.58548,7681245.72965,7681211.67471,7681180.54263,7681216.87382,7681188.01799,7681152.49187
642035.39551,641829.18568,641819.83680,642030.71964,642026.04378,641828.37336,641836.90992,642021.36791,642016.69205,641848.53360,641863.99127,642012.01618,641905.71618,641879.44895
7681188.01799,7681152.49187,7681180.54263,7681216.87382,7681245.72965,7681211.67471,7681242.80680,7681274.58548,7681303.44131,7681274.47074,7681306.79520,7681332.29714,7681343.64502,7681339.11967
641829.18568,642035.39551,642030.71964,641819.83680,641828.37336,642026.04378,642021.36791,641836.90992,641848.53360,642016.69205,642012.01618,641863.99127,641879.44895,641905.71618
7681152.49187,7681188.01799,7681216.87382,7681180.54263,7681211.67471,7681245.72965,7681274.58548,7681242.80680,7681274.47074,7681303.44131,7681332.29714,7681306.79520,7681339.11967,7681343.64502
641772.52785,641546.85734,641472.25733,641797.86078,641823.19371,641469.40135,641466.54538,641833.63148,641832.62815,641463.68941,641460.83344,641831.62481,641828.75471,641457.97746,641455.12149,641818.58873,641808.42275,641452.26552,641449.40955,641798.25676,641788.09078,641446.55357
7681561.71573,7681565.03219,7681595.36244,7681590.57736,7681619.43899,7681624.63833,7681653.91423,7681648.51952,7681677.76819,7681683.19013,7681712.46602,7681707.01686,7681736.29297,7681741.74192,7681771.01782,7681765.67629,7681795.05962,7681800.29372,7681829.56961,7681824.44294,7681853.82627,7681858.84551
641546.85734,641772.52785,641797.86078,641472.25733,641469.40135,641823.19371,641833.63148,641466.54538,641463.68941,641832.62815,641831.62481,641460.83344,641457.97746,641828.75471,641818.58873,641455.12149,641452.26552,641808.42275,641798.25676,641449.40955,641446.55357,641788.09078
7681565.03219,7681561.71573,7681590.57736,7681595.36244,7681624.63833,7681619.43899,7681648.51952,7681653.91423,7681683.19013,7681677.76819,7681707.01686,7681712.46602,7681741.74192,7681736.29297,7681765.67629,7681771.01782,7681800.29372,7681795.05962,7681824.44294,7681829.56961,7681858.84551,7681853.82627
641446.55357,641788.09078,641798.25676,641449.40955,641452.26552,641808.42275,641818.58873,641455.12149,641457.97746,641828.75471,641831.62481,641460.83344,641463.68941,641832.62815,641833.63148,641466.54538,641469.40135,641823.19371,641797.86078,641472.25733,641546.85734,641772.52785
7681858.84551,7681853.82627,7681824.44294,7681829.56961,7681800.29372,7681795.05962,7681765.67629,7681771.01782,7681741.74192,7681736.29297,7681707.01686,7681712.46602,7681683.19013,7681677.76819,7681648.51952,7681653.91423,7681624.63833,7681619.43899,7681590.57736,7681595.36244,7681565.03219,7681561.71573
641788.09078,641446.55357,641449.40955,641798.25676,641808.42275,641452.26552,641455.12149,641818.58873,641828.75471,641457.97746,641460.83344,641831.62481,641832.62815,641463.68941,641466.54538,641833.63148,641823.19371,641469.40135,641472.25733,641797.86078,641772.52785,641546.85734
7681853.82627,7681858.84551,7681829.56961,7681824.44294,7681795.05962,7681800.29372,7681771.01782,7681765.67629,7681736.29297,7681741.74192,7681712.46602,7681707.01686,7681677.76819,7681683.19013,7681653.91423,7681648.51952,7681619.43899,7681624.63833,7681595.36244,7681590.57736,7681561.71573,7681565.03219
642676.38140,642635.14035,642577.02770,642738.82695,642752.95124,642518.91504,642491.03795,642767.07552,642781.19980,642474.67645,642458.31494,642795.32409,642809.44837,642441.95343,642425.59192,642823.57265,642837.69694,642409.23041,642396.85333,642851.82122,642865.94550,642400.75528
7681315.03605,7681341.82777,7681414.43726,7681309.32644,7681335.00813,7681487.04676,7681540.01411,7681360.68983,7681386.37152,7681585.50051,7681630.98690,7681412.05321,7681437.73490,7681676.47330,7681721.95970,7681463.41660,7681489.09829,7681767.44610,7681810.34406,7681514.77998,7681540.46167,7681842.66656
642635.14035,642676.38140,642738.82695,642577.02770,642518.91504,642752.95124,642767.07552,642491.03795,642474.67645,642781.19980,642795.32409,642458.31494,642441.95343,642809.44837,642823.57265,642425.59192,642409.23041,642837.69694,642851.82122,642396.85333,642400.75528,642865.94550
7681341.82777,7681315.03605,7681309.32644,7681414.43726,7681487.04676,7681335.00813,7681360.68983,7681540.01411,7681585.50051,7681386.37152,7681412.05321,7681630.98690,7681676.47330,7681437.73490,7681463.41660,7681721.95970,7681767.44610,7681489.09829,7681514.77998,7681810.34406,7681842.66656,7681540.46167
642400.75528,642865.94550,642851.82122,642396.85333,642409.23041,642837.69694,642823.57265,642425.59192,642441.95343,642809.44837,642795.32409,642458.31494,642474.67645,642781.19980,642767.07552,642491.03795,642518.91504,642752.95124,642738.82695,642577.02770,642635.14035,642676.38140
7681842.66656,7681540.46167,7681514.77998,7681810.34406,7681767.44610,7681489.09829,7681463.41660,7681721.95970,7681676.47330,7681437.73490,7681412.05321,7681630.98690,7681585.50051,7681386.37152,7681360.68983,7681540.01411,7681487.04676,7681335.00813,7681309.32644,7681414.43726,7681341.82777,7681315.03605
642865.94550,642400.75528,642396.85333,642851.82122,642837.69694,642409.23041,642425.59192,642823.57265,642809.44837,642441.95343,642458.31494,642795.32409,642781.19980,642474.67645,642491.03795,642767.07552,642752.95124,642518.91504,642577.02770,642738.82695,642676.38140,642635.14035
7681540.46167,7681842.66656,7681810.34406,7681514.77998,7681489.09829,7681767.44610,7681721.95970,7681463.41660,7681437.73490,7681676.47330,7681630.98690,7681412.05321,7681386.37152,7681585.50051,7681540.01411,7681360.68983,7681335.00813,7681487.04676,7681414.43726,7681309.32644,7681315.03605,7681341.82777
643176.80522,643189.16525,643200.99723,643136.55590,643096.30659,643212.82921,643224.66119,643056.05727,643015.80795,643236.49317,643248.32515,642975.55864,642935.30932,643260.15713
7681171.82062,7681171.51668,7681141.98612,7681143.57077,7681115.32092,7681112.45556,7681082.92500,7681087.07107,7681058.82123,7681053.39444,7681023.86387,7681030.57138,7681002.32153,7680994.33331
643189.16525,643176.80522,643136.55590,643200.99723,643212.82921,643096.30659,643056.05727,643224.66119,643236.49317,643015.80795,642975.55864,643248.32515,643260.15713,642935.30932
7681171.51668,7681171.82062,7681143.57077,7681141.98612,7681112.45556,7681115.32092,7681087.07107,7681082.92500,7681053.39444,7681058.82123,7681030.57138,7681023.86387,7680994.33331,7681002.32153
643260.15713,642935.30932,642975.55864,643248.32515,643236.49317,643015.80795,643056.05727,643224.66119,643212.82921,643096.30659,643136.55590,643200.99723,643189.16525,643176.80522
7680994.33331,7681002.32153,7681030.57138,7681023.86387,7681053.39444,7681058.82123,7681087.07107,7681082.92500,7681112.45556,7681115.32092,7681143.57077,7681141.98612,7681171.51668,7681171.82062
642935.30932,643260.15713,643248.32515,642975.55864,643015.80795,643236.49317,643224.66119,643056.05727,643096.30659,643212.82921,643200.99723,643136.55590,643176.80522,643189.16525
7681002.32153,7680994.33331,7681023.86387,7681030.57138,7681058.82123,7681053.39444,7681082.92500,7681087.07107,7681115.32092,7681112.45556,7681141.98612,7681143.57077,7681171.82062,7681171.51668
643157.29008,643158.52033,643129.38404,643127.95066,643098.61125,643100.24776,643071.11147,643069.27183,643039.93242,643041.97519,643012.83890,643010.59300,642981.25359,642983.70261,642954.56633,642951.91418,642922.57476,642925.29599
7681158.12350,7681392.17420,7681410.22612,7681137.53100,7681116.93850,7681428.27805,7681446.32997,7681096.34600,7681075.75350,7681464.38189,7681482.43382,7681055.16100,7681034.56850,7681500.48574,7681518.53767,7681013.97600,7680993.38350,7681511.08647
643158.52033,643157.29008,643127.95066,643129.38404,643100.24776,643098.61125,643069.27183,643071.11147,643041.97519,643039.93242,643010.59300,643012.83890,642983.70261,642981.25359,642951.91418,642954.56633,642925.29599,642922.57476
7681392.17420,7681158.12350,7681137.53100,7681410.22612,7681428.27805,7681116.93850,7681096.34600,7681446.32997,7681464.38189,7681075.75350,7681055.16100,7681482.43382,7681500.48574,7681034.56850,7681013.97600,7681518.53767,7681511.08647,7680993.38350
642925.29599,642922.57476,642951.91418,642954.56633,642983.70261,642981.25359,643010.59300,643012.83890,643041.97519,643039.93242,643069.27183,643071.11147,643100.24776,643098.61125,643127.95066,643129.38404,643158.52033,643157.29008
7681511.08647,7680993.38350,7681013.97600,7681518.53767,7681500.48574,7681034.56850,7681055.16100,7681482.43382,7681464.38189,7681075.75350,7681096.34600,7681446.32997,7681428.27805,7681116.93850,7681137.53100,7681410.22612,7681392.17420,7681158.12350
642922.57476,642925.29599,642954.56633,642951.91418,642981.25359,642983.70261,643012.83890,643010.59300,643039.93242,643041.97519,643071.11147,643069.27183,643098.61125,643100.24776,643129.38404,643127.95066,643157.29008,643158.52033
7680993.38350,7681511.08647,7681518.53767,7681013.97600,7681034.56850,7681500.48574,7681482.43382,7681055.16100,7681075.75350,7681464.38189,7681446.32997,7681096.34600,7681116.93850,7681428.27805,7681410.22612,7681137.53100,7681158.12350,7681392.17420
643304.46541,643286.16433,643279.64540,643344.66665,643384.86789,643300.67861,643321.71183,643425.06913,643458.07389,643342.74505,643363.77827,643468.09841
7681794.26757,7681822.16478,7681885.39206,7681786.27706,7681778.28654,7681906.62027,7681927.84848,7681770.29603,7681773.27545,7681949.07670,7681970.30491,7681811.28475
643286.16433,643304.46541,643344.66665,643279.64540,643300.67861,643384.86789,643425.06913,643321.71183,643342.74505,643458.07389,643468.09841,643363.77827
7681822.16478,7681794.26757,7681786.27706,7681885.39206,7681906.62027,7681778.28654,7681770.29603,7681927.84848,7681949.07670,7681773.27545,7681811.28475,7681970.30491
643468.09841,643363.77827,643342.74505,643458.07389,643425.06913,643321.71183,643300.67861,643384.86789,643344.66665,643279.64540,643286.16433,643304.46541
7681811.28475,7681970.30491,7681949.07670,7681773.27545,7681770.29603,7681927.84848,7681906.62027,7681778.28654,7681786.27706,7681885.39206,7681822.16478,7681794.26757
643363.77827,643468.09841,643458.07389,643342.74505,643321.71183,643425.06913,643384.86789,643300.67861,643279.64540,643344.66665,643304.46541,643286.16433
7681970.30491,7681811.28475,7681773.27545,7681949.07670,7681927.84848,7681770.29603,7681778.28654,7681906.62027,7681885.39206,7681786.27706,7681794.26757,7681822.16478
643417.49267,643541.99759,643604.01810,643393.96630,643422.25514,643654.29728,643704.57647,643450.54399,643478.83283,643754.85565
7681932.03170,7681816.00678,7681798.16606,7681993.91127,7682007.50475,7681791.26696,7681784.36786,7682021.09824,7682034.69172,7681777.46876
643541.99759,643417.49267,643393.96630,643604.01810,643654.29728,643422.25514,643450.54399,643704.57647,643754.85565,643478.83283
7681816.00678,7681932.03170,7681993.91127,7681798.16606,7681791.26696,7682007.50475,7682021.09824,7681784.36786,7681777.46876,7682034.69172
643754.85565,643478.83283,643450.54399,643704.57647,643654.29728,643422.25514,643393.96630,643604.01810,643541.99759,643417.49267
7681777.46876,7682034.69172,7682021.09824,7681784.36786,7681791.26696,7682007.50475,7681993.91127,7681798.16606,7681816.00678,7681932.03170
643478.83283,643754.85565,643704.57647,643450.54399,643422.25514,643654.29728,643604.01810,643393.96630,643417.49267,643541.99759
7682034.69172,7681777.46876,7681784.36786,7682021.09824,7682007.50475,7681791.26696,7681798.16606,7681993.91127,7681932.03170,7681816.00678
640797.44773,640758.61328,640742.69645,640831.68690
7682302.24520,7682335.70693,7682388.00675,7682311.32807
640758.61328,640797.44773,640831.68690,640742.69645
7682335.70693,7682302.24520,7682311.32807,7682388.00675
640831.68690,640742.69645,640758.61328,640797.44773
7682311.32807,7682388.00675,7682335.70693,7682302.24520
640742.69645,640831.68690,640797.44773,640758.61328
7682388.00675,7682311.32807,7682302.24520,7682335.70693
640973.41556,641115.31881,641146.61958,640754.19455,640774.04414,641147.76261,641121.45361,640823.67769,640895.58544,641095.14462
7682401.66948,7682365.62382,7682327.51386,7682427.19600,7682391.99482,7682297.06444,7682273.58827,7682349.22804,7682300.80327,7682250.11209
641115.31881,640973.41556,640754.19455,641146.61958,641147.76261,640774.04414,640823.67769,641121.45361,641095.14462,640895.58544
7682365.62382,7682401.66948,7682427.19600,7682327.51386,7682297.06444,7682391.99482,7682349.22804,7682273.58827,7682250.11209,7682300.80327
641095.14462,640895.58544,640823.67769,641121.45361,641147.76261,640774.04414,640754.19455,641146.61958,641115.31881,640973.41556
7682250.11209,7682300.80327,7682349.22804,7682273.58827,7682297.06444,7682391.99482,7682427.19600,7682327.51386,7682365.62382,7682401.66948
640895.58544,641095.14462,641121.45361,640823.67769,640774.04414,641147.76261,641146.61958,640754.19455,640973.41556,641115.31881
7682300.80327,7682250.11209,7682273.58827,7682349.22804,7682391.99482,7682297.06444,7682327.51386,7682427.19600,7682401.66948,7682365.62382
