642735.185086 7681947.754599
642516.282239 7682668.693695
642499.230650 7682771.415417
642739.732489 7682572.096661
642693.352969 7682851.494915
642048.523048 7683246.802507
642072.984664 7683256.898875
642026.534873 7683142.858832
642158.488466 7683197.321790
641885.553176 7683242.456509
641882.827861 7683250.388568
642042.109664 7683236.587218
641998.549613 7683363.369193
642337.962424 7683176.244079
642408.356806 7683198.033866
642205.928268 7683410.766332
642593.743649 7683530.810209
641591.040930 7682358.064794
641493.352717 7682448.436599
641444.099198 7682414.360020
641559.822685 7682307.303702
641830.611123 7682264.158715
641550.891221 7682292.781077
641924.080563 7682401.511446
641683.309908 7682426.148324
642204.901365 7681520.201534
642154.999824 7681404.931668
642347.145741 7681480.892829
642262.305860 7681284.917285
642270.973824 7681275.222767
642104.251042 7681189.077604
642011.038906 7681338.328130
642150.241396 7681410.253640
641781.134679 7681191.866854
641792.860393 7681234.629507
641804.077572 7681165.000543
641828.224140 7681253.060958
641879.448946 7681339.119667
641905.716179 7681343.645023
642035.395508 7681188.017993
641829.185683 7681152.491872
641772.527853 7681561.715726
641546.857344 7681565.032187
641446.553572 7681858.845510
641788.090779 7681853.826269
642676.381397 7681315.036047
642635.140351 7681341.827767
642400.755283 7681842.666563
642865.945503 7681540.461672
643176.805218 7681171.820624
643189.165254 7681171.516683
643260.157132 7680994.333312
642935.309322 7681002.321526
643157.290077 7681158.123501
643158.520329 7681392.174198
642925.295989 7681511.086465
642922.574762 7680993.383500
643304.465411 7681794.267570
643286.164329 7681822.164782
643468.098410 7681811.284750
643363.778270 7681970.304915
643417.492667 7681932.031701
643541.997592 7681816.006782
643754.855651 7681777.468756
643478.832831 7682034.691717
640797.447730 7682302.245196
640758.613277 7682335.706926
640831.686904 7682311.328068
640742.696452 7682388.006747
640973.415558 7682401.669481
641115.318812 7682365.623818
641095.144620 7682250.112093
640895.585438 7682300.803269
