


1
[(642520.4724221099, 7682873.731711243), (642488.552581419, 7682719.981835792), (642655.1441039717, 7682411.857962344), (642760.0255546178, 7682610.538516054), (642720.6092640294, 7682847.989067942), (642520.4724221099, 7682873.731711243)]
78.5776239883
14
MULTIPOINT (642516.2822391036 7682668.693694569, 642499.2306499698 7682771.415416731, 642515.6961165499 7682850.72544401, 642559.041072287 7682589.607933765, 642601.7999054719 7682510.522172959, 642541.9668265618 7682870.966988959, 642572.2440549751 7682867.072574099, 642644.5587386568 7682431.436412152, 642672.1057882658 7682443.98906662, 642602.5212833888 7682863.178159239, 642632.7985118009 7682859.283744379, 642694.6480218895 7682486.691598199, 642717.190255514 7682529.394129779, 642663.075740214 7682855.389329519, 642693.3529686268 7682851.494914659, 642739.7324891385 7682572.096661359)
2933.13172899
MULTIPOINT (642499.2306499698 7682771.415416731, 642516.2822391036 7682668.693694569, 642559.041072287 7682589.607933765, 642515.6961165499 7682850.72544401, 642541.9668265618 7682870.966988959, 642601.7999054719 7682510.522172959, 642644.5587386568 7682431.436412152, 642572.2440549751 7682867.072574099, 642602.5212833888 7682863.178159239, 642672.1057882658 7682443.98906662, 642694.6480218895 7682486.691598199, 642632.7985118009 7682859.283744379, 642663.075740214 7682855.389329519, 642717.190255514 7682529.394129779, 642739.7324891385 7682572.096661359, 642693.3529686268 7682851.494914659)
2962.68798949
MULTIPOINT (642739.7324891385 7682572.096661359, 642693.3529686268 7682851.494914659, 642663.075740214 7682855.389329519, 642717.190255514 7682529.394129779, 642694.6480218895 7682486.691598199, 642632.7985118009 7682859.283744379, 642602.5212833888 7682863.178159239, 642672.1057882658 7682443.98906662, 642644.5587386568 7682431.436412152, 642572.2440549751 7682867.072574099, 642541.9668265618 7682870.966988959, 642601.7999054719 7682510.522172959, 642559.041072287 7682589.607933765, 642515.6961165499 7682850.72544401, 642499.2306499698 7682771.415416731, 642516.2822391036 7682668.693694569)
2933.13172899
MULTIPOINT (642693.3529686268 7682851.494914659, 642739.7324891385 7682572.096661359, 642717.190255514 7682529.394129779, 642663.075740214 7682855.389329519, 642632.7985118009 7682859.283744379, 642694.6480218895 7682486.691598199, 642672.1057882658 7682443.98906662, 642602.5212833888 7682863.178159239, 642572.2440549751 7682867.072574099, 642644.5587386568 7682431.436412152, 642601.7999054719 7682510.522172959, 642541.9668265618 7682870.966988959, 642515.6961165499 7682850.72544401, 642559.041072287 7682589.607933765, 642516.2822391036 7682668.693694569, 642499.2306499698 7682771.415416731)
2962.68798949



2
[(641989.9944984813, 7683153.57775802), (642062.8617563002, 7683132.202531472), (642181.6065440099, 7683181.213644709), (642060.3770115974, 7683265.683597568), (641989.9944984813, 7683153.57775802)]
12.8226241186
6
MULTIPOINT (642048.5230476542 7683246.802507352, 642072.9846639201 7683256.898875099, 642101.4859312196 7683237.039846879, 642021.7255927232 7683204.119303104, 641994.9281377915 7683161.436098855, 642129.9871985195 7683217.180818659, 642158.488465819 7683197.32179044, 642026.5348727664 7683142.858831552)
521.486164993
MULTIPOINT (642072.9846639201 7683256.898875099, 642048.5230476542 7683246.802507352, 642021.7255927232 7683204.119303104, 642101.4859312196 7683237.039846879, 642129.9871985195 7683217.180818659, 641994.9281377915 7683161.436098855, 642026.5348727664 7683142.858831552, 642158.488465819 7683197.32179044)
523.410507636
MULTIPOINT (642026.5348727664 7683142.858831552, 642158.488465819 7683197.32179044, 642129.9871985195 7683217.180818659, 641994.9281377915 7683161.436098855, 642021.7255927232 7683204.119303104, 642101.4859312196 7683237.039846879, 642072.9846639201 7683256.898875099, 642048.5230476542 7683246.802507352)
521.486164993
MULTIPOINT (642158.488465819 7683197.32179044, 642026.5348727664 7683142.858831552, 641994.9281377915 7683161.436098855, 642129.9871985195 7683217.180818659, 642101.4859312196 7683237.039846879, 642021.7255927232 7683204.119303104, 642048.5230476542 7683246.802507352, 642072.9846639201 7683256.898875099)
523.410507636



3
[(642060.3770115974, 7683265.683597568), (642024.1850630547, 7683371.0206351075), (641887.0707938625, 7683330.095983533), (641882.5420297782, 7683245.018971324), (641989.9944984813, 7683153.57775802), (642060.3770115974, 7683265.683597568)]
24.7211745588
10
MULTIPOINT (641885.5531759993 7683242.456509361, 641882.8278606337 7683250.388567693, 641886.9740718983 7683328.278972185, 641929.2323244967 7683205.285894456, 641972.9114729966 7683168.11527955, 641914.4500343449 7683338.26789652, 641942.483227393 7683346.634995472, 642002.1577946784 7683172.951555167, 642022.1337295367 7683204.769386741, 641970.5164204407 7683355.002094423, 641998.5496134874 7683363.369193374, 642042.1096643943 7683236.587218313)
1026.34574985
MULTIPOINT (641882.8278606337 7683250.388567693, 641885.5531759993 7683242.456509361, 641929.2323244967 7683205.285894456, 641886.9740718983 7683328.278972185, 641914.4500343449 7683338.26789652, 641972.9114729966 7683168.11527955, 642002.1577946784 7683172.951555167, 641942.483227393 7683346.634995472, 641970.5164204407 7683355.002094423, 642022.1337295367 7683204.769386741, 642042.1096643943 7683236.587218313, 641998.5496134874 7683363.369193374)
977.968714201
MULTIPOINT (642042.1096643943 7683236.587218313, 641998.5496134874 7683363.369193374, 641970.5164204407 7683355.002094423, 642022.1337295367 7683204.769386741, 642002.1577946784 7683172.951555167, 641942.483227393 7683346.634995472, 641914.4500343449 7683338.26789652, 641972.9114729966 7683168.11527955, 641929.2323244967 7683205.285894456, 641886.9740718983 7683328.278972185, 641882.8278606337 7683250.388567693, 641885.5531759993 7683242.456509361)
1026.34574985
MULTIPOINT (641998.5496134874 7683363.369193374, 642042.1096643943 7683236.587218313, 642022.1337295367 7683204.769386741, 641970.5164204407 7683355.002094423, 641942.483227393 7683346.634995472, 642002.1577946784 7683172.951555167, 641972.9114729966 7683168.11527955, 641914.4500343449 7683338.26789652, 641886.9740718983 7683328.278972185, 641929.2323244967 7683205.285894456, 641885.5531759993 7683242.456509361, 641882.8278606337 7683250.388567693)
977.968714201



4
[(642200.8357306299, 7683422.526732644), (642275.2775951673, 7683250.615151895), (642356.0426644074, 7683154.793165543), (642604.9430649144, 7683360.5239161225), (642592.884016637, 7683543.880857779), (642200.8357306299, 7683422.526732644)]
89.334652207
18
MULTIPOINT (642337.9624242956 7683176.244079132, 642408.3568064173 7683198.03386616, 642467.5404260472 7683246.952592138, 642317.5080306561 7683200.511756317, 642297.0536370176 7683224.779433501, 642526.7240456736 7683295.871318115, 642585.907665302 7683344.790044093, 642276.5992433786 7683249.047110685, 642264.3485053552 7683275.854136939, 642603.6051247997 7683380.867197112, 642601.6328296689 7683410.855799436, 642252.6644579206 7683302.836575874, 642240.9804104863 7683329.819014807, 642599.6605345384 7683440.844401758, 642597.6882394077 7683470.833004083, 642229.2963630514 7683356.801453742, 642217.6123156168 7683383.783892676, 642595.7159442771 7683500.821606407, 642593.7436491464 7683530.810208732, 642205.9282681819 7683410.766331611)
3442.02283374
MULTIPOINT (642408.3568064173 7683198.03386616, 642337.9624242956 7683176.244079132, 642317.5080306561 7683200.511756317, 642467.5404260472 7683246.952592138, 642526.7240456736 7683295.871318115, 642297.0536370176 7683224.779433501, 642276.5992433786 7683249.047110685, 642585.907665302 7683344.790044093, 642603.6051247997 7683380.867197112, 642264.3485053552 7683275.854136939, 642252.6644579206 7683302.836575874, 642601.6328296689 7683410.855799436, 642599.6605345384 7683440.844401758, 642240.9804104863 7683329.819014807, 642229.2963630514 7683356.801453742, 642597.6882394077 7683470.833004083, 642595.7159442771 7683500.821606407, 642217.6123156168 7683383.783892676, 642205.9282681819 7683410.766331611, 642593.7436491464 7683530.810208732)
3407.03770545
MULTIPOINT (642205.9282681819 7683410.766331611, 642593.7436491464 7683530.810208732, 642595.7159442771 7683500.821606407, 642217.6123156168 7683383.783892676, 642229.2963630514 7683356.801453742, 642597.6882394077 7683470.833004083, 642599.6605345384 7683440.844401758, 642240.9804104863 7683329.819014807, 642252.6644579206 7683302.836575874, 642601.6328296689 7683410.855799436, 642603.6051247997 7683380.867197112, 642264.3485053552 7683275.854136939, 642276.5992433786 7683249.047110685, 642585.907665302 7683344.790044093, 642526.7240456736 7683295.871318115, 642297.0536370176 7683224.779433501, 642317.5080306561 7683200.511756317, 642467.5404260472 7683246.952592138, 642408.3568064173 7683198.03386616, 642337.9624242956 7683176.244079132)
3442.02283374
MULTIPOINT (642593.7436491464 7683530.810208732, 642205.9282681819 7683410.766331611, 642217.6123156168 7683383.783892676, 642595.7159442771 7683500.821606407, 642597.6882394077 7683470.833004083, 642229.2963630514 7683356.801453742, 642240.9804104863 7683329.819014807, 642599.6605345384 7683440.844401758, 642601.6328296689 7683410.855799436, 642252.6644579206 7683302.836575874, 642264.3485053552 7683275.854136939, 642603.6051247997 7683380.867197112, 642585.907665302 7683344.790044093, 642276.5992433786 7683249.047110685, 642297.0536370176 7683224.779433501, 642526.7240456736 7683295.871318115, 642467.5404260472 7683246.952592138, 642317.5080306561 7683200.511756317, 642337.9624242956 7683176.244079132, 642408.3568064173 7683198.03386616)
3407.03770545



5
[(641598.5585001144, 7682370.288416996), (641498.010639309, 7682451.659233284), (641427.0653714703, 7682402.574982564), (641549.026173346, 7682289.748496493), (641598.5585001144, 7682370.288416996)]
13.0597312143
4
MULTIPOINT (641591.0409303516 7682358.064794352, 641493.3527171855 7682448.436599495, 641468.725957552 7682431.398309541, 641575.4318075139 7682332.684248061, 641559.8226846762 7682307.30370177, 641444.0991979177 7682414.360019587)
495.833641502
MULTIPOINT (641493.3527171855 7682448.436599495, 641591.0409303516 7682358.064794352, 641575.4318075139 7682332.684248061, 641468.725957552 7682431.398309541, 641444.0991979177 7682414.360019587, 641559.8226846762 7682307.30370177)
495.833641502
MULTIPOINT (641444.0991979177 7682414.360019587, 641559.8226846762 7682307.30370177, 641575.4318075139 7682332.684248061, 641468.725957552 7682431.398309541, 641493.3527171855 7682448.436599495, 641591.0409303516 7682358.064794352)
495.833641502
MULTIPOINT (641559.8226846762 7682307.30370177, 641444.0991979177 7682414.360019587, 641468.725957552 7682431.398309541, 641575.4318075139 7682332.684248061, 641591.0409303516 7682358.064794352, 641493.3527171855 7682448.436599495)
495.833641502



6
[(641549.026173346, 7682289.748496493), (641786.0504257036, 7682245.712902807), (642000.2509491267, 7682334.380784004), (641900.6257951354, 7682422.182657318), (641716.959555737, 7682440.9763208665), (641641.4545533145, 7682407.704414284), (641598.5585001144, 7682370.288416996), (641549.026173346, 7682289.748496493)]
56.4389153044
10
MULTIPOINT (641830.6111225161 7682264.15871474, 641550.891220998 7682292.781077424, 641567.892234097 7682320.424847317, 641887.5255735732 7682287.718338704, 641944.4400246291 7682311.277962667, 641584.893247196 7682348.068617211, 641604.4742205966 7682375.448392448, 641999.5195972795 7682335.025340721, 641961.8000802834 7682368.268393505, 641634.6242421617 7682401.746688934, 641683.3099079999 7682426.148324043, 641924.0805632895 7682401.511446288)
2164.37586943
MULTIPOINT (641550.891220998 7682292.781077424, 641830.6111225161 7682264.15871474, 641887.5255735732 7682287.718338704, 641567.892234097 7682320.424847317, 641584.893247196 7682348.068617211, 641944.4400246291 7682311.277962667, 641999.5195972795 7682335.025340721, 641604.4742205966 7682375.448392448, 641634.6242421617 7682401.746688934, 641961.8000802834 7682368.268393505, 641924.0805632895 7682401.511446288, 641683.3099079999 7682426.148324043)
2176.24487228
MULTIPOINT (641924.0805632895 7682401.511446288, 641683.3099079999 7682426.148324043, 641634.6242421617 7682401.746688934, 641961.8000802834 7682368.268393505, 641999.5195972795 7682335.025340721, 641604.4742205966 7682375.448392448, 641584.893247196 7682348.068617211, 641944.4400246291 7682311.277962667, 641887.5255735732 7682287.718338704, 641567.892234097 7682320.424847317, 641550.891220998 7682292.781077424, 641830.6111225161 7682264.15871474)
2164.37586943
MULTIPOINT (641683.3099079999 7682426.148324043, 641924.0805632895 7682401.511446288, 641961.8000802834 7682368.268393505, 641634.6242421617 7682401.746688934, 641604.4742205966 7682375.448392448, 641999.5195972795 7682335.025340721, 641944.4400246291 7682311.277962667, 641584.893247196 7682348.068617211, 641567.892234097 7682320.424847317, 641887.5255735732 7682287.718338704, 641830.6111225161 7682264.15871474, 641550.891220998 7682292.781077424)
2176.24487228



7
[(642272.361883162, 7681273.670318464), (642352.2749969464, 7681458.265297683), (642335.5521807972, 7681532.037406457), (642190.3674199654, 7681518.884880392), (642147.0394777814, 7681413.834763936), (642272.361883162, 7681273.670318464)]
32.450164466
10
MULTIPOINT (642204.9013647784 7681520.201534336, 642154.9998235069 7681404.93166763, 642176.4610308961 7681380.92879102, 642238.053847303 7681523.204872207, 642271.2063298273 7681526.208210078, 642197.9222382844 7681356.925914411, 642219.3834456729 7681332.923037801, 642304.3588123508 7681529.211547949, 642336.1990641307 7681529.183703635, 642240.8446530612 7681308.920161191, 642262.3058604497 7681284.917284582, 642347.1457408221 7681480.892828678)
1294.29257091
MULTIPOINT (642154.9998235069 7681404.93166763, 642204.9013647784 7681520.201534336, 642238.053847303 7681523.204872207, 642176.4610308961 7681380.92879102, 642197.9222382844 7681356.925914411, 642271.2063298273 7681526.208210078, 642304.3588123508 7681529.211547949, 642219.3834456729 7681332.923037801, 642240.8446530612 7681308.920161191, 642336.1990641307 7681529.183703635, 642347.1457408221 7681480.892828678, 642262.3058604497 7681284.917284582)
1313.05843134
MULTIPOINT (642347.1457408221 7681480.892828678, 642262.3058604497 7681284.917284582, 642240.8446530612 7681308.920161191, 642336.1990641307 7681529.183703635, 642304.3588123508 7681529.211547949, 642219.3834456729 7681332.923037801, 642197.9222382844 7681356.925914411, 642271.2063298273 7681526.208210078, 642238.053847303 7681523.204872207, 642176.4610308961 7681380.92879102, 642154.9998235069 7681404.93166763, 642204.9013647784 7681520.201534336)
1294.29257091
MULTIPOINT (642262.3058604497 7681284.917284582, 642347.1457408221 7681480.892828678, 642336.1990641307 7681529.183703635, 642240.8446530612 7681308.920161191, 642219.3834456729 7681332.923037801, 642304.3588123508 7681529.211547949, 642271.2063298273 7681526.208210078, 642197.9222382844 7681356.925914411, 642176.4610308961 7681380.92879102, 642238.053847303 7681523.204872207, 642204.9013647784 7681520.201534336, 642154.9998235069 7681404.93166763)
1313.05843134



8
[(642038.7807833536, 7681167.126690184), (642125.5439713856, 7681196.216712149), (642272.361883162, 7681273.670318464), (642147.0394777814, 7681413.834763936), (642010.256070781, 7681343.159186618), (642038.7807833536, 7681167.126690184)]
37.3177898827
12
MULTIPOINT (642270.9738238868 7681275.222766791, 642104.2510418919 7681189.077603954, 642035.6370896901 7681186.527139609, 642250.8517525827 7681297.72791228, 642230.7296812788 7681320.233057768, 642030.7174530361 7681216.887337614, 642025.7978163821 7681247.247535619, 642210.6076099754 7681342.738203256, 642190.4855386717 7681365.243348745, 642020.8781797281 7681277.607733625, 642015.9585430741 7681307.967931631, 642170.3634673681 7681387.748494233, 642150.2413960638 7681410.253639721, 642011.03890642 7681338.328129637)
1605.20018093
MULTIPOINT (642104.2510418919 7681189.077603954, 642270.9738238868 7681275.222766791, 642250.8517525827 7681297.72791228, 642035.6370896901 7681186.527139609, 642030.7174530361 7681216.887337614, 642230.7296812788 7681320.233057768, 642210.6076099754 7681342.738203256, 642025.7978163821 7681247.247535619, 642020.8781797281 7681277.607733625, 642190.4855386717 7681365.243348745, 642170.3634673681 7681387.748494233, 642015.9585430741 7681307.967931631, 642011.03890642 7681338.328129637, 642150.2413960638 7681410.253639721)
1567.29505306
MULTIPOINT (642011.03890642 7681338.328129637, 642150.2413960638 7681410.253639721, 642170.3634673681 7681387.748494233, 642015.9585430741 7681307.967931631, 642020.8781797281 7681277.607733625, 642190.4855386717 7681365.243348745, 642210.6076099754 7681342.738203256, 642025.7978163821 7681247.247535619, 642030.7174530361 7681216.887337614, 642230.7296812788 7681320.233057768, 642250.8517525827 7681297.72791228, 642035.6370896901 7681186.527139609, 642104.2510418919 7681189.077603954, 642270.9738238868 7681275.222766791)
1605.20018093
MULTIPOINT (642150.2413960638 7681410.253639721, 642011.03890642 7681338.328129637, 642015.9585430741 7681307.967931631, 642170.3634673681 7681387.748494233, 642190.4855386717 7681365.243348745, 642020.8781797281 7681277.607733625, 642025.7978163821 7681247.247535619, 642210.6076099754 7681342.738203256, 642230.7296812788 7681320.233057768, 642030.7174530361 7681216.887337614, 642035.6370896901 7681186.527139609, 642250.8517525827 7681297.72791228, 642270.9738238868 7681275.222766791, 642104.2510418919 7681189.077603954)
1567.29505306



9
[(641841.6388066696, 7681260.052631983), (641759.475794708, 7681217.229580097), (641812.7805885855, 7681154.8092417605), (641841.6388066696, 7681260.052631983)]
3.70565847968
2
MULTIPOINT (641781.1346788546 7681191.866854195, 641792.8603934976 7681234.629507047, 641828.2241402295 7681253.060958439, 641804.0775723212 7681165.000543147)
175.530841651
MULTIPOINT (641792.8603934976 7681234.629507047, 641781.1346788546 7681191.866854195, 641804.0775723212 7681165.000543147, 641828.2241402295 7681253.060958439)
170.981633852
MULTIPOINT (641804.0775723212 7681165.000543147, 641828.2241402295 7681253.060958439, 641792.8603934976 7681234.629507047, 641781.1346788546 7681191.866854195)
175.530841651
MULTIPOINT (641828.2241402295 7681253.060958439, 641804.0775723212 7681165.000543147, 641781.1346788546 7681191.866854195, 641792.8603934976 7681234.629507047)
170.981633852



10
[(641812.7805885855, 7681154.8092417605), (641897.6760959676, 7681142.816974722), (642038.7807833536, 7681167.126690184), (642010.256070781, 7681343.159186618), (641881.6664358532, 7681343.756791789), (641841.6388066696, 7681260.052631983), (641812.7805885855, 7681154.8092417605)]
35.0128171962
12
MULTIPOINT (641879.4489463629 7681339.119667421, 641905.7161788121 7681343.645023444, 642012.0161813276 7681332.297143654, 641863.9912713714 7681306.795202442, 641848.5335963792 7681274.470737463, 642016.6920467317 7681303.441313539, 642021.3679121357 7681274.585483424, 641836.9099206134 7681242.806799302, 641828.3733606428 7681211.674713824, 642026.0437775397 7681245.72965331, 642030.7196429436 7681216.873823197, 641819.8368006727 7681180.542628348, 641829.1856826561 7681152.49187215, 642035.3955083477 7681188.017993081)
1421.53835445
MULTIPOINT (641905.7161788121 7681343.645023444, 641879.4489463629 7681339.119667421, 641863.9912713714 7681306.795202442, 642012.0161813276 7681332.297143654, 642016.6920467317 7681303.441313539, 641848.5335963792 7681274.470737463, 641836.9099206134 7681242.806799302, 642021.3679121357 7681274.585483424, 642026.0437775397 7681245.72965331, 641828.3733606428 7681211.674713824, 641819.8368006727 7681180.542628348, 642030.7196429436 7681216.873823197, 642035.3955083477 7681188.017993081, 641829.1856826561 7681152.49187215)
1348.02894368
MULTIPOINT (642035.3955083477 7681188.017993081, 641829.1856826561 7681152.49187215, 641819.8368006727 7681180.542628348, 642030.7196429436 7681216.873823197, 642026.0437775397 7681245.72965331, 641828.3733606428 7681211.674713824, 641836.9099206134 7681242.806799302, 642021.3679121357 7681274.585483424, 642016.6920467317 7681303.441313539, 641848.5335963792 7681274.470737463, 641863.9912713714 7681306.795202442, 642012.0161813276 7681332.297143654, 641905.7161788121 7681343.645023444, 641879.4489463629 7681339.119667421)
1421.53835445
MULTIPOINT (641829.1856826561 7681152.49187215, 642035.3955083477 7681188.017993081, 642030.7196429436 7681216.873823197, 641819.8368006727 7681180.542628348, 641828.3733606428 7681211.674713824, 642026.0437775397 7681245.72965331, 642021.3679121357 7681274.585483424, 641836.9099206134 7681242.806799302, 641848.5335963792 7681274.470737463, 642016.6920467317 7681303.441313539, 642012.0161813276 7681332.297143654, 641863.9912713714 7681306.795202442, 641879.4489463629 7681339.119667421, 641905.7161788121 7681343.645023444)
1348.02894368



11
[(641445.3899549289, 7681870.7734760195), (641472.9590567776, 7681588.1691661775), (641567.3151487802, 7681558.627006615), (641761.2777313902, 7681548.898540018), (641834.1989474167, 7681631.977181068), (641830.8258864095, 7681730.306533326), (641783.9488215334, 7681865.7980048545), (641445.3899549289, 7681870.7734760195)]
108.994541017
20
MULTIPOINT (641772.527852708 7681561.715726039, 641546.8573435227 7681565.032186549, 641472.2573265235 7681595.362436211, 641797.8607816525 7681590.577358157, 641823.1937105962 7681619.438990274, 641469.4013538457 7681624.638333263, 641466.5453811678 7681653.914230315, 641833.6314838463 7681648.51952204, 641832.6281461014 7681677.768192714, 641463.6894084901 7681683.190127367, 641460.8334358122 7681712.46602442, 641831.6248083564 7681707.016863389, 641828.7547118649 7681736.292968006, 641457.9774631342 7681741.741921472, 641455.1214904565 7681771.017818524, 641818.5887285345 7681765.676293191, 641808.4227452034 7681795.059618377, 641452.2655177787 7681800.293715577, 641449.4095451008 7681829.569612629, 641798.2567618724 7681824.442943564, 641788.0907785413 7681853.826268751, 641446.5535724228 7681858.845509682)
4150.53701675
MULTIPOINT (641546.8573435227 7681565.032186549, 641772.527852708 7681561.715726039, 641797.8607816525 7681590.577358157, 641472.2573265235 7681595.362436211, 641469.4013538457 7681624.638333263, 641823.1937105962 7681619.438990274, 641833.6314838463 7681648.51952204, 641466.5453811678 7681653.914230315, 641463.6894084901 7681683.190127367, 641832.6281461014 7681677.768192714, 641831.6248083564 7681707.016863389, 641460.8334358122 7681712.46602442, 641457.9774631342 7681741.741921472, 641828.7547118649 7681736.292968006, 641818.5887285345 7681765.676293191, 641455.1214904565 7681771.017818524, 641452.2655177787 7681800.293715577, 641808.4227452034 7681795.059618377, 641798.2567618724 7681824.442943564, 641449.4095451008 7681829.569612629, 641446.5535724228 7681858.845509682, 641788.0907785413 7681853.826268751)
4100.90239746
MULTIPOINT (641446.5535724228 7681858.845509682, 641788.0907785413 7681853.826268751, 641798.2567618724 7681824.442943564, 641449.4095451008 7681829.569612629, 641452.2655177787 7681800.293715577, 641808.4227452034 7681795.059618377, 641818.5887285345 7681765.676293191, 641455.1214904565 7681771.017818524, 641457.9774631342 7681741.741921472, 641828.7547118649 7681736.292968006, 641831.6248083564 7681707.016863389, 641460.8334358122 7681712.46602442, 641463.6894084901 7681683.190127367, 641832.6281461014 7681677.768192714, 641833.6314838463 7681648.51952204, 641466.5453811678 7681653.914230315, 641469.4013538457 7681624.638333263, 641823.1937105962 7681619.438990274, 641797.8607816525 7681590.577358157, 641472.2573265235 7681595.362436211, 641546.8573435227 7681565.032186549, 641772.527852708 7681561.715726039)
4150.53701675
MULTIPOINT (641788.0907785413 7681853.826268751, 641446.5535724228 7681858.845509682, 641449.4095451008 7681829.569612629, 641798.2567618724 7681824.442943564, 641808.4227452034 7681795.059618377, 641452.2655177787 7681800.293715577, 641455.1214904565 7681771.017818524, 641818.5887285345 7681765.676293191, 641828.7547118649 7681736.292968006, 641457.9774631342 7681741.741921472, 641460.8334358122 7681712.46602442, 641831.6248083564 7681707.016863389, 641832.6281461014 7681677.768192714, 641463.6894084901 7681683.190127367, 641466.5453811678 7681653.914230315, 641833.6314838463 7681648.51952204, 641823.1937105962 7681619.438990274, 641469.4013538457 7681624.638333263, 641472.2573265235 7681595.362436211, 641797.8607816525 7681590.577358157, 641772.527852708 7681561.715726039, 641546.8573435227 7681565.032186549)
4100.90239746



12
[(642502.8867177812, 7681507.073529004), (642649.6572587466, 7681323.6894558), (642732.0528621208, 7681297.009350529), (642878.6550241743, 7681563.570952405), (642404.2663941823, 7681871.751473688), (642396.0860867589, 7681803.988447452), (642502.8867177812, 7681507.073529004)]
127.674571124
20
MULTIPOINT (642676.3813970495 7681315.036047195, 642635.1403508022 7681341.827766742, 642577.027697198 7681414.437263529, 642738.8269519175 7681309.326441916, 642752.9512353203 7681335.008134167, 642518.9150435922 7681487.046760318, 642491.0379541557 7681540.014108586, 642767.0755187231 7681360.689826418, 642781.1998021264 7681386.37151867, 642474.6764454345 7681585.500506758, 642458.3149367144 7681630.986904926, 642795.3240855285 7681412.05321092, 642809.4483689313 7681437.734903171, 642441.9534279936 7681676.473303096, 642425.5919192727 7681721.959701266, 642823.5726523342 7681463.416595422, 642837.6969357367 7681489.098287673, 642409.2304105518 7681767.446099437, 642396.8533324483 7681810.34406309, 642851.8212191396 7681514.779979924, 642865.9455025424 7681540.461672175, 642400.7552831661 7681842.666563354)
4579.55615291
MULTIPOINT (642635.1403508022 7681341.827766742, 642676.3813970495 7681315.036047195, 642738.8269519175 7681309.326441916, 642577.027697198 7681414.437263529, 642518.9150435922 7681487.046760318, 642752.9512353203 7681335.008134167, 642767.0755187231 7681360.689826418, 642491.0379541557 7681540.014108586, 642474.6764454345 7681585.500506758, 642781.1998021264 7681386.37151867, 642795.3240855285 7681412.05321092, 642458.3149367144 7681630.986904926, 642441.9534279936 7681676.473303096, 642809.4483689313 7681437.734903171, 642823.5726523342 7681463.416595422, 642425.5919192727 7681721.959701266, 642409.2304105518 7681767.446099437, 642837.6969357367 7681489.098287673, 642851.8212191396 7681514.779979924, 642396.8533324483 7681810.34406309, 642400.7552831661 7681842.666563354, 642865.9455025424 7681540.461672175)
4589.3461946
MULTIPOINT (642400.7552831661 7681842.666563354, 642865.9455025424 7681540.461672175, 642851.8212191396 7681514.779979924, 642396.8533324483 7681810.34406309, 642409.2304105518 7681767.446099437, 642837.6969357367 7681489.098287673, 642823.5726523342 7681463.416595422, 642425.5919192727 7681721.959701266, 642441.9534279936 7681676.473303096, 642809.4483689313 7681437.734903171, 642795.3240855285 7681412.05321092, 642458.3149367144 7681630.986904926, 642474.6764454345 7681585.500506758, 642781.1998021264 7681386.37151867, 642767.0755187231 7681360.689826418, 642491.0379541557 7681540.014108586, 642518.9150435922 7681487.046760318, 642752.9512353203 7681335.008134167, 642738.8269519175 7681309.326441916, 642577.027697198 7681414.437263529, 642635.1403508022 7681341.827766742, 642676.3813970495 7681315.036047195)
4579.55615291
MULTIPOINT (642865.9455025424 7681540.461672175, 642400.7552831661 7681842.666563354, 642396.8533324483 7681810.34406309, 642851.8212191396 7681514.779979924, 642837.6969357367 7681489.098287673, 642409.2304105518 7681767.446099437, 642425.5919192727 7681721.959701266, 642823.5726523342 7681463.416595422, 642809.4483689313 7681437.734903171, 642441.9534279936 7681676.473303096, 642458.3149367144 7681630.986904926, 642795.3240855285 7681412.05321092, 642781.1998021264 7681386.37151867, 642474.6764454345 7681585.500506758, 642491.0379541557 7681540.014108586, 642767.0755187231 7681360.689826418, 642752.9512353203 7681335.008134167, 642518.9150435922 7681487.046760318, 642577.027697198 7681414.437263529, 642738.8269519175 7681309.326441916, 642676.3813970495 7681315.036047195, 642635.1403508022 7681341.827766742)
4589.3461946



13
[(642895.358232109, 7680974.280992592), (643271.9014424585, 7680965.02155642), (643186.3572653078, 7681178.5249335375), (642895.358232109, 7680974.280992592)]
39.800578096
12
MULTIPOINT (643176.8052184245 7681171.820623636, 643189.1652539865 7681171.516682529, 643200.9972335746 7681141.986120845, 643136.5559023909 7681143.570774017, 643096.3065863557 7681115.320924398, 643212.8292131632 7681112.45555916, 643224.6611927507 7681082.924997478, 643056.0572703243 7681087.07107478, 643015.8079542891 7681058.821225161, 643236.4931723393 7681053.394435792, 643248.3251519272 7681023.863874109, 642975.5586382565 7681030.571375542, 642935.3093222213 7681002.321525922, 643260.1571315158 7680994.333312424)
1423.54380011
MULTIPOINT (643189.1652539865 7681171.516682529, 643176.8052184245 7681171.820623636, 643136.5559023909 7681143.570774017, 643200.9972335746 7681141.986120845, 643212.8292131632 7681112.45555916, 643096.3065863557 7681115.320924398, 643056.0572703243 7681087.07107478, 643224.6611927507 7681082.924997478, 643236.4931723393 7681053.394435792, 643015.8079542891 7681058.821225161, 642975.5586382565 7681030.571375542, 643248.3251519272 7681023.863874109, 643260.1571315158 7680994.333312424, 642935.3093222213 7681002.321525922)
1423.54380011
MULTIPOINT (643260.1571315158 7680994.333312424, 642935.3093222213 7681002.321525922, 642975.5586382565 7681030.571375542, 643248.3251519272 7681023.863874109, 643236.4931723393 7681053.394435792, 643015.8079542891 7681058.821225161, 643056.0572703243 7681087.07107478, 643224.6611927507 7681082.924997478, 643212.8292131632 7681112.45555916, 643096.3065863557 7681115.320924398, 643136.5559023909 7681143.570774017, 643200.9972335746 7681141.986120845, 643189.1652539865 7681171.516682529, 643176.8052184245 7681171.820623636)
1423.54380011
MULTIPOINT (642935.3093222213 7681002.321525922, 643260.1571315158 7680994.333312424, 643248.3251519272 7681023.863874109, 642975.5586382565 7681030.571375542, 643015.8079542891 7681058.821225161, 643236.4931723393 7681053.394435792, 643224.6611927507 7681082.924997478, 643056.0572703243 7681087.07107478, 643096.3065863557 7681115.320924398, 643212.8292131632 7681112.45555916, 643200.9972335746 7681141.986120845, 643136.5559023909 7681143.570774017, 643176.8052184245 7681171.820623636, 643189.1652539865 7681171.516682529)
1423.54380011



14
[(643186.3572653078, 7681178.5249335375), (643164.5804819283, 7681388.419517929), (642937.1848431116, 7681529.306687547), (642897.9596586302, 7681469.19226507), (642895.358232109, 7680974.280992592), (643186.3572653078, 7681178.5249335375)]
108.443377602
16
MULTIPOINT (643157.2900768467 7681158.123501072, 643158.5203290585 7681392.174197612, 643129.3840432375 7681410.226121844, 643127.9506624334 7681137.531000956, 643098.6112480202 7681116.93850084, 643100.2477574166 7681428.278046076, 643071.1114715966 7681446.329970307, 643069.2718336079 7681096.346000725, 643039.9324191955 7681075.75350061, 643041.9751857766 7681464.381894537, 643012.8388999556 7681482.433818769, 643010.5930047823 7681055.161000495, 642981.2535903699 7681034.568500379, 642983.7026141357 7681500.485743, 642954.5663283147 7681518.537667232, 642951.9141759566 7681013.976000263, 642922.5747615434 7680993.383500148, 642925.2959891534 7681511.086465028)
3752.68086829
MULTIPOINT (643158.5203290585 7681392.174197612, 643157.2900768467 7681158.123501072, 643127.9506624334 7681137.531000956, 643129.3840432375 7681410.226121844, 643100.2477574166 7681428.278046076, 643098.6112480202 7681116.93850084, 643069.2718336079 7681096.346000725, 643071.1114715966 7681446.329970307, 643041.9751857766 7681464.381894537, 643039.9324191955 7681075.75350061, 643010.5930047823 7681055.161000495, 643012.8388999556 7681482.433818769, 642983.7026141357 7681500.485743, 642981.2535903699 7681034.568500379, 642951.9141759566 7681013.976000263, 642954.5663283147 7681518.537667232, 642925.2959891534 7681511.086465028, 642922.5747615434 7680993.383500148)
3748.60944407
MULTIPOINT (642925.2959891534 7681511.086465028, 642922.5747615434 7680993.383500148, 642951.9141759566 7681013.976000263, 642954.5663283147 7681518.537667232, 642983.7026141357 7681500.485743, 642981.2535903699 7681034.568500379, 643010.5930047823 7681055.161000495, 643012.8388999556 7681482.433818769, 643041.9751857766 7681464.381894537, 643039.9324191955 7681075.75350061, 643069.2718336079 7681096.346000725, 643071.1114715966 7681446.329970307, 643100.2477574166 7681428.278046076, 643098.6112480202 7681116.93850084, 643127.9506624334 7681137.531000956, 643129.3840432375 7681410.226121844, 643158.5203290585 7681392.174197612, 643157.2900768467 7681158.123501072)
3752.68086829
MULTIPOINT (642922.5747615434 7680993.383500148, 642925.2959891534 7681511.086465028, 642954.5663283147 7681518.537667232, 642951.9141759566 7681013.976000263, 642981.2535903699 7681034.568500379, 642983.7026141357 7681500.485743, 643012.8388999556 7681482.433818769, 643010.5930047823 7681055.161000495, 643039.9324191955 7681075.75350061, 643041.9751857766 7681464.381894537, 643071.1114715966 7681446.329970307, 643069.2718336079 7681096.346000725, 643098.6112480202 7681116.93850084, 643100.2477574166 7681428.278046076, 643129.3840432375 7681410.226121844, 643127.9506624334 7681137.531000956, 643157.2900768467 7681158.123501072, 643158.5203290585 7681392.174197612)
3748.60944407



15
[(643380.9893068813, 7681987.67551372), (643270.1832332085, 7681875.842168851), (643293.8413270112, 7681796.3792438675), (643455.6832632461, 7681764.211072362), (643476.3012617351, 7681842.386955282), (643380.9893068813, 7681987.67551372)]
27.8302719276
10
MULTIPOINT (643304.4654114515 7681794.267570105, 643286.1643293614 7681822.164782357, 643279.6453966622 7681885.392055005, 643344.6666514382 7681786.277055331, 643384.8678914279 7681778.286540556, 643300.6786149029 7681906.62026995, 643321.7118331429 7681927.848484895, 643425.0691314165 7681770.296025781, 643458.0738898569 7681773.275451047, 643342.7450513825 7681949.07669984, 643363.7782696224 7681970.304914785, 643468.0984095044 7681811.284750286)
1091.71179644
MULTIPOINT (643286.1643293614 7681822.164782357, 643304.4654114515 7681794.267570105, 643344.6666514382 7681786.277055331, 643279.6453966622 7681885.392055005, 643300.6786149029 7681906.62026995, 643384.8678914279 7681778.286540556, 643425.0691314165 7681770.296025781, 643321.7118331429 7681927.848484895, 643342.7450513825 7681949.07669984, 643458.0738898569 7681773.275451047, 643468.0984095044 7681811.284750286, 643363.7782696224 7681970.304914785)
1075.30704635
MULTIPOINT (643468.0984095044 7681811.284750286, 643363.7782696224 7681970.304914785, 643342.7450513825 7681949.07669984, 643458.0738898569 7681773.275451047, 643425.0691314165 7681770.296025781, 643321.7118331429 7681927.848484895, 643300.6786149029 7681906.62026995, 643384.8678914279 7681778.286540556, 643344.6666514382 7681786.277055331, 643279.6453966622 7681885.392055005, 643286.1643293614 7681822.164782357, 643304.4654114515 7681794.267570105)
1091.71179644
MULTIPOINT (643363.7782696224 7681970.304914785, 643468.0984095044 7681811.284750286, 643458.0738898569 7681773.275451047, 643342.7450513825 7681949.07669984, 643321.7118331429 7681927.848484895, 643425.0691314165 7681770.296025781, 643384.8678914279 7681778.286540556, 643300.6786149029 7681906.62026995, 643279.6453966622 7681885.392055005, 643344.6666514382 7681786.277055331, 643304.4654114515 7681794.267570105, 643286.1643293614 7681822.164782357)
1075.30704635



16
[(643476.3012617351, 7681842.386955282), (643577.296192671, 7681801.832729571), (643762.1255450948, 7681776.471211778), (643683.7641109952, 7681859.85826243), (643490.2600681244, 7682040.182782943), (643380.9893068813, 7681987.67551372), (643476.3012617351, 7681842.386955282)]
42.6373937902
8
MULTIPOINT (643417.4926671027 7681932.031700802, 643541.997592298 7681816.00678161, 643604.0180957818 7681798.166060763, 643393.9662958717 7681993.911273834, 643422.2551409777 7682007.504754735, 643654.2972809618 7681791.266959334, 643704.5764661453 7681784.367857903, 643450.5439860855 7682021.098235637, 643478.8328311919 7682034.691716539, 643754.8556513264 7681777.468756474)
1677.07465243
MULTIPOINT (643541.997592298 7681816.00678161, 643417.4926671027 7681932.031700802, 643393.9662958717 7681993.911273834, 643604.0180957818 7681798.166060763, 643654.2972809618 7681791.266959334, 643422.2551409777 7682007.504754735, 643450.5439860855 7682021.098235637, 643704.5764661453 7681784.367857903, 643754.8556513264 7681777.468756474, 643478.8328311919 7682034.691716539)
1698.10506119
MULTIPOINT (643754.8556513264 7681777.468756474, 643478.8328311919 7682034.691716539, 643450.5439860855 7682021.098235637, 643704.5764661453 7681784.367857903, 643654.2972809618 7681791.266959334, 643422.2551409777 7682007.504754735, 643393.9662958717 7681993.911273834, 643604.0180957818 7681798.166060763, 643541.997592298 7681816.00678161, 643417.4926671027 7681932.031700802)
1677.07465243
MULTIPOINT (643478.8328311919 7682034.691716539, 643754.8556513264 7681777.468756474, 643704.5764661453 7681784.367857903, 643450.5439860855 7682021.098235637, 643422.2551409777 7682007.504754735, 643654.2972809618 7681791.266959334, 643604.0180957818 7681798.166060763, 643393.9662958717 7681993.911273834, 643417.4926671027 7681932.031700802, 643541.997592298 7681816.00678161)
1698.10506119



17
[(640729.9090482965, 7682430.023849135), (640770.937251038, 7682295.212569584), (640859.1942806611, 7682318.625148277), (640729.9090482965, 7682430.023849135)]
6.42930955908
2
MULTIPOINT (640797.4477299866 7682302.245195509, 640758.6132774156 7682335.706925714, 640742.696451553 7682388.006746753, 640831.6869039638 7682311.328068097)
223.399139649
MULTIPOINT (640758.6132774156 7682335.706925714, 640797.4477299866 7682302.245195509, 640831.6869039638 7682311.328068097, 640742.696451553 7682388.006746753)
204.154331222
MULTIPOINT (640831.6869039638 7682311.328068097, 640742.696451553 7682388.006746753, 640758.6132774156 7682335.706925714, 640797.4477299866 7682302.245195509)
223.399139649
MULTIPOINT (640742.696451553 7682388.006746753, 640831.6869039638 7682311.328068097, 640797.4477299866 7682302.245195509, 640758.6132774156 7682335.706925714)
204.154331222



18
[(640859.1942806611, 7682318.625148277), (640969.2876132536, 7682264.709027814), (641079.9896767436, 7682236.588959297), (641161.5349236055, 7682309.353817007), (641097.589092786, 7682387.210474117), (640729.9090482965, 7682430.023849135), (640859.1942806611, 7682318.625148277)]
41.9994557666
8
MULTIPOINT (640973.4155579896 7682401.669480506, 641115.3188119036 7682365.623817968, 641146.6195784655 7682327.51385805, 640754.1945539836 7682427.195997915, 640774.04414268 7682391.994817615, 641147.7626099807 7682297.064438044, 641121.4536147655 7682273.588265404, 640823.6776870363 7682349.228043258, 640895.5854384559 7682300.803269319, 641095.1446195497 7682250.112092764)
1661.6953922
MULTIPOINT (641115.3188119036 7682365.623817968, 640973.4155579896 7682401.669480506, 640754.1945539836 7682427.195997915, 641146.6195784655 7682327.51385805, 641147.7626099807 7682297.064438044, 640774.04414268 7682391.994817615, 640823.6776870363 7682349.228043258, 641121.4536147655 7682273.588265404, 641095.1446195497 7682250.112092764, 640895.5854384559 7682300.803269319)
1801.96406884
MULTIPOINT (641095.1446195497 7682250.112092764, 640895.5854384559 7682300.803269319, 640823.6776870363 7682349.228043258, 641121.4536147655 7682273.588265404, 641147.7626099807 7682297.064438044, 640774.04414268 7682391.994817615, 640754.1945539836 7682427.195997915, 641146.6195784655 7682327.51385805, 641115.3188119036 7682365.623817968, 640973.4155579896 7682401.669480506)
1661.6953922
MULTIPOINT (640895.5854384559 7682300.803269319, 641095.1446195497 7682250.112092764, 641121.4536147655 7682273.588265404, 640823.6776870363 7682349.228043258, 640774.04414268 7682391.994817615, 641147.7626099807 7682297.064438044, 641146.6195784655 7682327.51385805, 640754.1945539836 7682427.195997915, 640973.4155579896 7682401.669480506, 641115.3188119036 7682365.623817968)
1801.96406884
