642735.18509
7681947.75460
642520.47242,642488.55258,642655.14410,642760.02555,642720.60926,642520.47242
7682873.73171,7682719.98184,7682411.85796,7682610.53852,7682847.98907,7682873.73171
641887.07079,641882.54203,641989.99450,642062.86176,642181.60654,642060.37701,642024.18506,641887.07079
7683330.09598,7683245.01897,7683153.57776,7683132.20253,7683181.21364,7683265.68360,7683371.02064,7683330.09598
642200.83573,642275.27760,642356.04266,642604.94306,642592.88402,642200.83573
7683422.52673,7683250.61515,7683154.79317,7683360.52392,7683543.88086,7683422.52673
641427.06537,641549.02617,641786.05043,642000.25095,641900.62580,641716.95956,641641.45455,641598.55850,641498.01064,641427.06537
7682402.57498,7682289.74850,7682245.71290,7682334.38078,7682422.18266,7682440.97632,7682407.70441,7682370.28842,7682451.65923,7682402.57498
641812.78059,641897.67610,642038.78078,642125.54397,642272.36188,642352.27500,642335.55218,642190.36742,642147.03948,642010.25607,641881.66644,641841.63881,641759.47579,641812.78059
7681154.80924,7681142.81697,7681167.12669,7681196.21671,7681273.67032,7681458.26530,7681532.03741,7681518.88488,7681413.83476,7681343.15919,7681343.75679,7681260.05263,7681217.22958,7681154.80924
641445.38995,641472.95906,641567.31515,641761.27773,641834.19895,641830.82589,641783.94882,641445.38995
7681870.77348,7681588.16917,7681558.62701,7681548.89854,7681631.97718,7681730.30653,7681865.79800,7681870.77348
642502.88672,642649.65726,642732.05286,642878.65502,642404.26639,642396.08609,642502.88672
7681507.07353,7681323.68946,7681297.00935,7681563.57095,7681871.75147,7681803.98845,7681507.07353
642937.18484,642897.95966,642895.35823,643271.90144,643186.35727,643164.58048,642937.18484
7681529.30669,7681469.19227,7680974.28099,7680965.02156,7681178.52493,7681388.41952,7681529.30669
643455.68326,643476.30126,643577.29619,643762.12555,643683.76411,643490.26007,643380.98931,643270.18323,643293.84133,643455.68326
7681764.21107,7681842.38696,7681801.83273,7681776.47121,7681859.85826,7682040.18278,7681987.67551,7681875.84217,7681796.37924,7681764.21107
640729.90905,640770.93725,640859.19428,640969.28761,641079.98968,641161.53492,641097.58909,640729.90905
7682430.02385,7682295.21257,7682318.62515,7682264.70903,7682236.58896,7682309.35382,7682387.21047,7682430.02385
