798522.32403
7707861.68448
793261.00212,793168.17444,793279.46479,793592.37116,793934.37455,794251.00571,794396.40460,794488.27853,794448.31172,794292.14437,793970.80638,793575.38174,793261.00212
7710366.45225,7710005.70231,7709596.02362,7709369.89011,7709331.69249,7709475.17345,7709617.14631,7709850.19375,7710204.88040,7710449.22080,7710613.81552,7710582.66563,7710366.45225
795626.80676 795356.40470 796111.89136 796562.77475 795626.80676
7712379.44235 7711892.27087 7711418.26238 7712374.40183 7712379.44235
796562.77475 796607.71472 795264.96364 795161.51251 795626.80676 796562.77475
7712374.40183 7712925.87170 7712824.52978 7712441.00571 7712379.44235 7712374.40183
795006.54462 795878.78405 795764.86864 795486.78276 795006.54462
7706723.26598 7707077.20716 7707302.75339 7707397.49621 7706723.26598
795006.54462 795486.78276 795429.16904 795006.54462
7706723.26598 7707397.49621 7707647.62688 7706723.26598
795429.16904 795599.11044 795538.73563 794331.16164 795006.54462 795429.16904
7707647.62688 7708073.76959 7708403.80938 7707866.05933 7706723.26598 7707647.62688
798118.57902,797904.99010,798402.45777,799065.01173,798118.57902
7709969.00302,7708203.66187,7708045.18642,7709591.56790,7709969.00302
798950.93351 798887.17725 798658.01457 798950.93351
7712051.81117 7713145.78805 7712855.61277 7712051.81117
798950.93351 798658.01457 798357.97531 798950.93351
7712051.81117 7712855.61277 7712617.80993 7712051.81117
798044.32437 797656.98611 797968.63284 798044.32437
7712441.85824 7712330.21618 7711738.34554 7712441.85824
797968.63284 798950.93351 798357.97531 798044.32437 797968.63284
7711738.34554 7712051.81117 7712617.80993 7712441.85824 7711738.34554
799728.53740,799882.66598,800148.98842,800439.67447,800157.69176,799801.54092,799728.53740
7710596.77261,7710397.52869,7710306.38851,7710442.65723,7711214.45535,7711099.21095,7710596.77261
795501.18261,795278.44906,795328.50482,795411.90118,795631.53871,795883.75283,796081.42155,795501.18261
7710984.85411,7710503.19068,7710284.80371,7710120.53996,7710128.81906,7710378.89652,7710769.39729,7710984.85411
796718.37877,796820.80923,796928.61679,797053.43414,797201.45327,797518.65576,796718.37877
7708428.29777,7707581.57759,7707493.78894,7707464.99732,7707504.59092,7708169.81762,7708428.29777
799439.79455,799185.61668,799579.47152,799903.87784,799439.79455
7709407.29101,7708203.90224,7708061.58895,7709223.74483,7709407.29101
798121.37430 797181.15773 797386.31668 797574.21423 798085.00932 798486.72655 798121.37430
7707022.60231 7706772.63811 7706100.51511 7705891.44721 7705959.91253 7706420.04455 7707022.60231
798486.72655 799122.67404 799557.07572 799753.15302 799018.69278 798051.77205 798121.37430 798486.72655
7706420.04455 7706472.74170 7706793.89817 7707342.82657 7707699.56589 7707370.76890 7707022.60231 7706420.04455
