798522.324025 7707861.684476
793985.165883 7709354.708511
793834.539788 7709342.842819
793528.183265 7710550.205053
794019.440613 7710588.904248
795358.103295 7711891.205135
795371.040167 7711918.638953
796555.516670 7712374.440915
796106.276206 7711421.785449
796564.342670 7712393.642202
796326.287670 7712375.675394
795264.604092 7712823.196845
796607.607646 7712924.557818
795491.813915 7707395.782116
795483.020201 7707392.213764
795877.771322 7707079.212294
795008.965143 7706726.664274
795481.890209 7707418.737289
795446.000975 7707340.240629
795086.987318 7706836.203489
795438.819674 7707605.728527
794352.475567 7707875.550729
794340.732091 7707849.865488
794993.112536 7706745.993963
795591.801796 7708055.442530
799042.621779 7709600.496961
799032.305666 7709515.232902
797930.431749 7708195.557065
798143.785072 7709958.950911
798692.548716 7712760.847285
798685.032069 7712889.823451
798936.529970 7712091.336051
798875.908762 7713131.519425
798363.104471 7712612.913970
798360.570685 7712619.866955
798650.240664 7712849.451389
798935.570190 7712066.475978
797671.131737 7712334.293356
797668.367476 7712308.601011
797961.304281 7711752.263732
798035.215877 7712439.232913
798308.464194 7712590.035220
798367.377464 7712608.835253
798945.553598 7712056.946476
797969.396278 7711745.441272
799731.607765 7710617.904037
799748.986450 7710570.337869
800421.210643 7710434.001704
800138.351995 7711208.197330
795518.641514 7710978.371191
795282.047049 7710510.971371
795857.022722 7710352.392855
796070.213992 7710773.558927
797518.496380 7708169.483375
797518.447821 7708169.884778
796721.778698 7708427.199635
796824.433320 7707578.626461
799902.182483 7709224.415346
799896.328458 7709196.699843
799206.989064 7708196.179663
799461.024584 7709398.894478
798107.099656 7705985.215080
797937.615473 7705940.156336
797182.632297 7706767.807265
798124.101489 7707018.104482
799195.351455 7706526.472665
799009.845750 7706463.392296
799053.882220 7707682.473801
798057.211317 7707343.560408
