


1
[(751584.8358221226, 7742397.399293641), (751871.8917858393, 7742083.8071424235), (752207.684602571, 7742580.39116233), (751996.7886628569, 7742714.497207509), (751584.8358221226, 7742397.399293641)]
184.98471248
26
MULTIPOINT (751606.3257956662 7742413.941055479, 751590.7622336361 7742390.925029488, 751611.0567773378 7742368.754406259, 751679.9165691455 7742470.587055803, 751753.5073426231 7742527.233056128, 751631.3513210391 7742346.58378303, 751651.6458647405 7742324.413159801, 751827.0981161006 7742583.879056452, 751900.6888895765 7742640.525056775, 751671.9404084411 7742302.242536572, 751692.2349521425 7742280.071913343, 751974.2796630539 7742697.171057099, 752013.9170831053 7742703.60546297, 751712.5294958436 7742257.901290114, 751732.8240395448 7742235.730666884, 752038.5930801168 7742687.914310384, 752063.2690771288 7742672.223157796, 751753.1185832466 7742213.560043655, 751773.4131269469 7742191.389420426, 752087.9450741392 7742656.532005209, 752112.6210711506 7742640.840852622, 751793.7076706481 7742169.218797198, 751814.0022143499 7742147.048173968, 752137.2970681627 7742625.149700034, 752161.9730651741 7742609.458547448, 751834.2967580511 7742124.877550739, 751854.5913017514 7742102.706927511, 752186.6490621843 7742593.767394861)
6641.22169832
MULTIPOINT (751590.7622336361 7742390.925029488, 751606.3257956662 7742413.941055479, 751679.9165691455 7742470.587055803, 751611.0567773378 7742368.754406259, 751631.3513210391 7742346.58378303, 751753.5073426231 7742527.233056128, 751827.0981161006 7742583.879056452, 751651.6458647405 7742324.413159801, 751671.9404084411 7742302.242536572, 751900.6888895765 7742640.525056775, 751974.2796630539 7742697.171057099, 751692.2349521425 7742280.071913343, 751712.5294958436 7742257.901290114, 752013.9170831053 7742703.60546297, 752038.5930801168 7742687.914310384, 751732.8240395448 7742235.730666884, 751753.1185832466 7742213.560043655, 752063.2690771288 7742672.223157796, 752087.9450741392 7742656.532005209, 751773.4131269469 7742191.389420426, 751793.7076706481 7742169.218797198, 752112.6210711506 7742640.840852622, 752137.2970681627 7742625.149700034, 751814.0022143499 7742147.048173968, 751834.2967580511 7742124.877550739, 752161.9730651741 7742609.458547448, 752186.6490621843 7742593.767394861, 751854.5913017514 7742102.706927511)
6693.11860196
MULTIPOINT (752186.6490621843 7742593.767394861, 751854.5913017514 7742102.706927511, 751834.2967580511 7742124.877550739, 752161.9730651741 7742609.458547448, 752137.2970681627 7742625.149700034, 751814.0022143499 7742147.048173968, 751793.7076706481 7742169.218797198, 752112.6210711506 7742640.840852622, 752087.9450741392 7742656.532005209, 751773.4131269469 7742191.389420426, 751753.1185832466 7742213.560043655, 752063.2690771288 7742672.223157796, 752038.5930801168 7742687.914310384, 751732.8240395448 7742235.730666884, 751712.5294958436 7742257.901290114, 752013.9170831053 7742703.60546297, 751974.2796630539 7742697.171057099, 751692.2349521425 7742280.071913343, 751671.9404084411 7742302.242536572, 751900.6888895765 7742640.525056775, 751827.0981161006 7742583.879056452, 751651.6458647405 7742324.413159801, 751631.3513210391 7742346.58378303, 751753.5073426231 7742527.233056128, 751679.9165691455 7742470.587055803, 751611.0567773378 7742368.754406259, 751590.7622336361 7742390.925029488, 751606.3257956662 7742413.941055479)
6641.22169832
MULTIPOINT (751854.5913017514 7742102.706927511, 752186.6490621843 7742593.767394861, 752161.9730651741 7742609.458547448, 751834.2967580511 7742124.877550739, 751814.0022143499 7742147.048173968, 752137.2970681627 7742625.149700034, 752112.6210711506 7742640.840852622, 751793.7076706481 7742169.218797198, 751773.4131269469 7742191.389420426, 752087.9450741392 7742656.532005209, 752063.2690771288 7742672.223157796, 751753.1185832466 7742213.560043655, 751732.8240395448 7742235.730666884, 752038.5930801168 7742687.914310384, 752013.9170831053 7742703.60546297, 751712.5294958436 7742257.901290114, 751692.2349521425 7742280.071913343, 751974.2796630539 7742697.171057099, 751900.6888895765 7742640.525056775, 751671.9404084411 7742302.242536572, 751651.6458647405 7742324.413159801, 751827.0981161006 7742583.879056452, 751753.5073426231 7742527.233056128, 751631.3513210391 7742346.58378303, 751611.0567773378 7742368.754406259, 751679.9165691455 7742470.587055803, 751606.3257956662 7742413.941055479, 751590.7622336361 7742390.925029488)
6693.11860196



2
[(751166.142463993, 7741250.167370943), (751744.2823861344, 7740913.720394138), (751914.1406654319, 7741230.209600533), (751496.8675490307, 7741809.661812579), (751166.142463993, 7741250.167370943)]
332.612360537
38
MULTIPOINT (751204.1085048451 7741228.073135315, 751176.0853270667 7741266.987917298, 751192.3239649044 7741294.45915556, 751266.1144666051 7741191.988932203, 751328.1204283648 7741155.90472909, 751208.5626027419 7741321.93039382, 751224.8012405793 7741349.401632081, 751390.1263901232 7741119.820525979, 751452.1323518849 7741083.736322865, 751241.0398784174 7741376.872870342, 751257.2785162549 7741404.344108602, 751514.1383136439 7741047.652119753, 751576.1442754043 7741011.56791664, 751273.5171540927 7741431.815346863, 751289.7557919307 7741459.286585125, 751638.1502371652 7740975.483713527, 751700.1561989225 7740939.399510416, 751305.9944297676 7741486.757823384, 751322.2330676056 7741514.229061646, 751748.7178952555 7740921.98487655, 751764.099968905 7740950.64559478, 751338.4717054433 7741541.700299907, 751354.7103432807 7741569.171538168, 751779.4820425542 7740979.30631301, 751794.8641162034 7741007.96703124, 751370.9489811184 7741596.642776429, 751387.1876189556 7741624.114014689, 751810.2461898525 7741036.627749469, 751825.6282635023 7741065.288467701, 751403.4262567939 7741651.58525295, 751419.6648946316 7741679.056491211, 751841.0103371517 7741093.94918593, 751856.3924108009 7741122.609904161, 751435.9035324688 7741706.527729471, 751452.1421703066 7741733.998967732, 751871.7744844503 7741151.27062239, 751887.1565580996 7741179.93134062, 751468.3808081443 7741761.470205993, 751484.6194459825 7741788.941444255, 751902.5386317492 7741208.592058851)
11967.2559774
MULTIPOINT (751176.0853270667 7741266.987917298, 751204.1085048451 7741228.073135315, 751266.1144666051 7741191.988932203, 751192.3239649044 7741294.45915556, 751208.5626027419 7741321.93039382, 751328.1204283648 7741155.90472909, 751390.1263901232 7741119.820525979, 751224.8012405793 7741349.401632081, 751241.0398784174 7741376.872870342, 751452.1323518849 7741083.736322865, 751514.1383136439 7741047.652119753, 751257.2785162549 7741404.344108602, 751273.5171540927 7741431.815346863, 751576.1442754043 7741011.56791664, 751638.1502371652 7740975.483713527, 751289.7557919307 7741459.286585125, 751305.9944297676 7741486.757823384, 751700.1561989225 7740939.399510416, 751748.7178952555 7740921.98487655, 751322.2330676056 7741514.229061646, 751338.4717054433 7741541.700299907, 751764.099968905 7740950.64559478, 751779.4820425542 7740979.30631301, 751354.7103432807 7741569.171538168, 751370.9489811184 7741596.642776429, 751794.8641162034 7741007.96703124, 751810.2461898525 7741036.627749469, 751387.1876189556 7741624.114014689, 751403.4262567939 7741651.58525295, 751825.6282635023 7741065.288467701, 751841.0103371517 7741093.94918593, 751419.6648946316 7741679.056491211, 751435.9035324688 7741706.527729471, 751856.3924108009 7741122.609904161, 751871.7744844503 7741151.27062239, 751452.1421703066 7741733.998967732, 751468.3808081443 7741761.470205993, 751887.1565580996 7741179.93134062, 751902.5386317492 7741208.592058851, 751484.6194459825 7741788.941444255)
11986.9339917
MULTIPOINT (751902.5386317492 7741208.592058851, 751484.6194459825 7741788.941444255, 751468.3808081443 7741761.470205993, 751887.1565580996 7741179.93134062, 751871.7744844503 7741151.27062239, 751452.1421703066 7741733.998967732, 751435.9035324688 7741706.527729471, 751856.3924108009 7741122.609904161, 751841.0103371517 7741093.94918593, 751419.6648946316 7741679.056491211, 751403.4262567939 7741651.58525295, 751825.6282635023 7741065.288467701, 751810.2461898525 7741036.627749469, 751387.1876189556 7741624.114014689, 751370.9489811184 7741596.642776429, 751794.8641162034 7741007.96703124, 751779.4820425542 7740979.30631301, 751354.7103432807 7741569.171538168, 751338.4717054433 7741541.700299907, 751764.099968905 7740950.64559478, 751748.7178952555 7740921.98487655, 751322.2330676056 7741514.229061646, 751305.9944297676 7741486.757823384, 751700.1561989225 7740939.399510416, 751638.1502371652 7740975.483713527, 751289.7557919307 7741459.286585125, 751273.5171540927 7741431.815346863, 751576.1442754043 7741011.56791664, 751514.1383136439 7741047.652119753, 751257.2785162549 7741404.344108602, 751241.0398784174 7741376.872870342, 751452.1323518849 7741083.736322865, 751390.1263901232 7741119.820525979, 751224.8012405793 7741349.401632081, 751208.5626027419 7741321.93039382, 751328.1204283648 7741155.90472909, 751266.1144666051 7741191.988932203, 751192.3239649044 7741294.45915556, 751176.0853270667 7741266.987917298, 751204.1085048451 7741228.073135315)
11967.2559774
MULTIPOINT (751484.6194459825 7741788.941444255, 751902.5386317492 7741208.592058851, 751887.1565580996 7741179.93134062, 751468.3808081443 7741761.470205993, 751452.1421703066 7741733.998967732, 751871.7744844503 7741151.27062239, 751856.3924108009 7741122.609904161, 751435.9035324688 7741706.527729471, 751419.6648946316 7741679.056491211, 751841.0103371517 7741093.94918593, 751825.6282635023 7741065.288467701, 751403.4262567939 7741651.58525295, 751387.1876189556 7741624.114014689, 751810.2461898525 7741036.627749469, 751794.8641162034 7741007.96703124, 751370.9489811184 7741596.642776429, 751354.7103432807 7741569.171538168, 751779.4820425542 7740979.30631301, 751764.099968905 7740950.64559478, 751338.4717054433 7741541.700299907, 751322.2330676056 7741514.229061646, 751748.7178952555 7740921.98487655, 751700.1561989225 7740939.399510416, 751305.9944297676 7741486.757823384, 751289.7557919307 7741459.286585125, 751638.1502371652 7740975.483713527, 751576.1442754043 7741011.56791664, 751273.5171540927 7741431.815346863, 751257.2785162549 7741404.344108602, 751514.1383136439 7741047.652119753, 751452.1323518849 7741083.736322865, 751241.0398784174 7741376.872870342, 751224.8012405793 7741349.401632081, 751390.1263901232 7741119.820525979, 751328.1204283648 7741155.90472909, 751208.5626027419 7741321.93039382, 751192.3239649044 7741294.45915556, 751266.1144666051 7741191.988932203, 751204.1085048451 7741228.073135315, 751176.0853270667 7741266.987917298)
11986.9339917



3
[(751771.798786398, 7743783.860344842), (752255.2563117981, 7743728.934518706), (752676.28916066, 7744263.404177065), (752362.1339503552, 7744426.980083744), (751771.798786398, 7743783.860344842)]
290.061491
24
MULTIPOINT (752462.0012973067 7743991.381788725, 752224.3207403003 7743732.449122849, 752188.3894751574 7743736.531289985, 752673.3998068688 7744264.908620253, 752646.5528889649 7744278.887407787, 752152.4582100139 7743740.613457122, 752116.5269448711 7743744.695624258, 752619.7059710621 7744292.866195321, 752592.8590531592 7744306.844982855, 752080.5956797287 7743748.777791395, 752044.6644145853 7743752.859958531, 752566.0121352554 7744320.823770389, 752539.1652173527 7744334.802557923, 752008.7331494424 7743756.942125668, 751972.8018842983 7743761.024292804, 752512.3182994487 7744348.781345458, 752485.4713815467 7744362.760132991, 751936.8706191567 7743765.106459941, 751900.9393540135 7743769.188627077, 752458.6244636428 7744376.738920526, 752431.77754574 7744390.717708059, 751865.0080888703 7743773.270794214, 751829.0768237271 7743777.35296135, 752404.9306278361 7744404.696495594, 752378.0837099339 7744418.675283127, 751793.1455585852 7743781.435128487)
10243.4475832
MULTIPOINT (752224.3207403003 7743732.449122849, 752462.0012973067 7743991.381788725, 752673.3998068688 7744264.908620253, 752188.3894751574 7743736.531289985, 752152.4582100139 7743740.613457122, 752646.5528889649 7744278.887407787, 752619.7059710621 7744292.866195321, 752116.5269448711 7743744.695624258, 752080.5956797287 7743748.777791395, 752592.8590531592 7744306.844982855, 752566.0121352554 7744320.823770389, 752044.6644145853 7743752.859958531, 752008.7331494424 7743756.942125668, 752539.1652173527 7744334.802557923, 752512.3182994487 7744348.781345458, 751972.8018842983 7743761.024292804, 751936.8706191567 7743765.106459941, 752485.4713815467 7744362.760132991, 752458.6244636428 7744376.738920526, 751900.9393540135 7743769.188627077, 751865.0080888703 7743773.270794214, 752431.77754574 7744390.717708059, 752404.9306278361 7744404.696495594, 751829.0768237271 7743777.35296135, 751793.1455585852 7743781.435128487, 752378.0837099339 7744418.675283127)
10558.8761612
MULTIPOINT (751793.1455585852 7743781.435128487, 752378.0837099339 7744418.675283127, 752404.9306278361 7744404.696495594, 751829.0768237271 7743777.35296135, 751865.0080888703 7743773.270794214, 752431.77754574 7744390.717708059, 752458.6244636428 7744376.738920526, 751900.9393540135 7743769.188627077, 751936.8706191567 7743765.106459941, 752485.4713815467 7744362.760132991, 752512.3182994487 7744348.781345458, 751972.8018842983 7743761.024292804, 752008.7331494424 7743756.942125668, 752539.1652173527 7744334.802557923, 752566.0121352554 7744320.823770389, 752044.6644145853 7743752.859958531, 752080.5956797287 7743748.777791395, 752592.8590531592 7744306.844982855, 752619.7059710621 7744292.866195321, 752116.5269448711 7743744.695624258, 752152.4582100139 7743740.613457122, 752646.5528889649 7744278.887407787, 752673.3998068688 7744264.908620253, 752188.3894751574 7743736.531289985, 752224.3207403003 7743732.449122849, 752462.0012973067 7743991.381788725)
10243.4475832
MULTIPOINT (752378.0837099339 7744418.675283127, 751793.1455585852 7743781.435128487, 751829.0768237271 7743777.35296135, 752404.9306278361 7744404.696495594, 752431.77754574 7744390.717708059, 751865.0080888703 7743773.270794214, 751900.9393540135 7743769.188627077, 752458.6244636428 7744376.738920526, 752485.4713815467 7744362.760132991, 751936.8706191567 7743765.106459941, 751972.8018842983 7743761.024292804, 752512.3182994487 7744348.781345458, 752539.1652173527 7744334.802557923, 752008.7331494424 7743756.942125668, 752044.6644145853 7743752.859958531, 752566.0121352554 7744320.823770389, 752592.8590531592 7744306.844982855, 752080.5956797287 7743748.777791395, 752116.5269448711 7743744.695624258, 752619.7059710621 7744292.866195321, 752646.5528889649 7744278.887407787, 752152.4582100139 7743740.613457122, 752188.3894751574 7743736.531289985, 752673.3998068688 7744264.908620253, 752462.0012973067 7743991.381788725, 752224.3207403003 7743732.449122849)
10558.8761612



4
[(752594.0516990527, 7742879.856046839), (752774.9386282603, 7742922.005935039), (752842.9710048484, 7743172.080633445), (752576.5981638802, 7743169.52338025), (752494.1409246954, 7743099.167121649), (752594.0516990527, 7742879.856046839)]
72.342482437
18
MULTIPOINT (752643.350158983 7743170.164217927, 752552.5528412189 7743149.006819715, 752504.1611527697 7743107.716834987, 752777.6898721975 7743171.453916455, 752838.4895079499 7743155.607462266, 752503.9424817662 7743077.652024505, 752516.3035931605 7743050.518528212, 752829.7716483712 7743123.562188908, 752821.0537887927 7743091.516915552, 752528.6647045546 7743023.385031918, 752541.0258159492 7742996.251535623, 752812.3359292138 7743059.471642194, 752803.6180696351 7743027.426368838, 752553.3869273433 7742969.11803933, 752565.7480387379 7742941.984543036, 752794.9002100562 7742995.38109548, 752786.1823504779 7742963.335822124, 752578.109150132 7742914.851046742, 752590.4702615264 7742887.717550448, 752777.464490899 7742931.290548767)
2861.47892132
MULTIPOINT (752552.5528412189 7743149.006819715, 752643.350158983 7743170.164217927, 752777.6898721975 7743171.453916455, 752504.1611527697 7743107.716834987, 752503.9424817662 7743077.652024505, 752838.4895079499 7743155.607462266, 752829.7716483712 7743123.562188908, 752516.3035931605 7743050.518528212, 752528.6647045546 7743023.385031918, 752821.0537887927 7743091.516915552, 752812.3359292138 7743059.471642194, 752541.0258159492 7742996.251535623, 752553.3869273433 7742969.11803933, 752803.6180696351 7743027.426368838, 752794.9002100562 7742995.38109548, 752565.7480387379 7742941.984543036, 752578.109150132 7742914.851046742, 752786.1823504779 7742963.335822124, 752777.464490899 7742931.290548767, 752590.4702615264 7742887.717550448)
2902.84007077
MULTIPOINT (752777.464490899 7742931.290548767, 752590.4702615264 7742887.717550448, 752578.109150132 7742914.851046742, 752786.1823504779 7742963.335822124, 752794.9002100562 7742995.38109548, 752565.7480387379 7742941.984543036, 752553.3869273433 7742969.11803933, 752803.6180696351 7743027.426368838, 752812.3359292138 7743059.471642194, 752541.0258159492 7742996.251535623, 752528.6647045546 7743023.385031918, 752821.0537887927 7743091.516915552, 752829.7716483712 7743123.562188908, 752516.3035931605 7743050.518528212, 752503.9424817662 7743077.652024505, 752838.4895079499 7743155.607462266, 752777.6898721975 7743171.453916455, 752504.1611527697 7743107.716834987, 752552.5528412189 7743149.006819715, 752643.350158983 7743170.164217927)
2861.47892132
MULTIPOINT (752590.4702615264 7742887.717550448, 752777.464490899 7742931.290548767, 752786.1823504779 7742963.335822124, 752578.109150132 7742914.851046742, 752565.7480387379 7742941.984543036, 752794.9002100562 7742995.38109548, 752803.6180696351 7743027.426368838, 752553.3869273433 7742969.11803933, 752541.0258159492 7742996.251535623, 752812.3359292138 7743059.471642194, 752821.0537887927 7743091.516915552, 752528.6647045546 7743023.385031918, 752516.3035931605 7743050.518528212, 752829.7716483712 7743123.562188908, 752838.4895079499 7743155.607462266, 752503.9424817662 7743077.652024505, 752504.1611527697 7743107.716834987, 752777.6898721975 7743171.453916455, 752643.350158983 7743170.164217927, 752552.5528412189 7743149.006819715)
2902.84007077



5
[(752050.9806524275, 7741563.464755459), (752401.3901744803, 7741478.526963798), (752534.7616622904, 7741820.848581665), (752179.0395057752, 7741958.357751276), (752050.9806524275, 7741563.464755459)]
144.6812444
24
MULTIPOINT (752513.1637421099 7741829.197547326, 752399.5873740591 7741478.963955024, 752371.0975026134 7741485.869779818, 752485.8574512402 7741839.753160222, 752458.5511603691 7741850.308773118, 752342.6076311665 7741492.775604611, 752314.1177597198 7741499.681429406, 752431.2448694982 7741860.864386014, 752403.938578628 7741871.41999891, 752285.6278882738 7741506.587254199, 752257.1380168281 7741513.493078993, 752376.6322877579 7741881.975611806, 752349.3259968872 7741892.531224702, 752228.6481453815 7741520.398903786, 752200.1582739346 7741527.30472858, 752322.0197060159 7741903.086837599, 752294.7134151452 7741913.642450495, 752171.6684024879 7741534.210553374, 752143.178531041 7741541.116378168, 752267.4071242741 7741924.198063391, 752240.1008334042 7741934.753676288, 752114.6886595953 7741548.022202961, 752086.1987881484 7741554.928027756, 752212.7945425331 7741945.309289183, 752185.4882516622 7741955.86490208, 752057.708916702 7741561.833852549)
5437.27805577
MULTIPOINT (752399.5873740591 7741478.963955024, 752513.1637421099 7741829.197547326, 752485.8574512402 7741839.753160222, 752371.0975026134 7741485.869779818, 752342.6076311665 7741492.775604611, 752458.5511603691 7741850.308773118, 752431.2448694982 7741860.864386014, 752314.1177597198 7741499.681429406, 752285.6278882738 7741506.587254199, 752403.938578628 7741871.41999891, 752376.6322877579 7741881.975611806, 752257.1380168281 7741513.493078993, 752228.6481453815 7741520.398903786, 752349.3259968872 7741892.531224702, 752322.0197060159 7741903.086837599, 752200.1582739346 7741527.30472858, 752171.6684024879 7741534.210553374, 752294.7134151452 7741913.642450495, 752267.4071242741 7741924.198063391, 752143.178531041 7741541.116378168, 752114.6886595953 7741548.022202961, 752240.1008334042 7741934.753676288, 752212.7945425331 7741945.309289183, 752086.1987881484 7741554.928027756, 752057.708916702 7741561.833852549, 752185.4882516622 7741955.86490208)
5437.27805577
MULTIPOINT (752057.708916702 7741561.833852549, 752185.4882516622 7741955.86490208, 752212.7945425331 7741945.309289183, 752086.1987881484 7741554.928027756, 752114.6886595953 7741548.022202961, 752240.1008334042 7741934.753676288, 752267.4071242741 7741924.198063391, 752143.178531041 7741541.116378168, 752171.6684024879 7741534.210553374, 752294.7134151452 7741913.642450495, 752322.0197060159 7741903.086837599, 752200.1582739346 7741527.30472858, 752228.6481453815 7741520.398903786, 752349.3259968872 7741892.531224702, 752376.6322877579 7741881.975611806, 752257.1380168281 7741513.493078993, 752285.6278882738 7741506.587254199, 752403.938578628 7741871.41999891, 752431.2448694982 7741860.864386014, 752314.1177597198 7741499.681429406, 752342.6076311665 7741492.775604611, 752458.5511603691 7741850.308773118, 752485.8574512402 7741839.753160222, 752371.0975026134 7741485.869779818, 752399.5873740591 7741478.963955024, 752513.1637421099 7741829.197547326)
5437.27805577
MULTIPOINT (752185.4882516622 7741955.86490208, 752057.708916702 7741561.833852549, 752086.1987881484 7741554.928027756, 752212.7945425331 7741945.309289183, 752240.1008334042 7741934.753676288, 752114.6886595953 7741548.022202961, 752143.178531041 7741541.116378168, 752267.4071242741 7741924.198063391, 752294.7134151452 7741913.642450495, 752171.6684024879 7741534.210553374, 752200.1582739346 7741527.30472858, 752322.0197060159 7741903.086837599, 752349.3259968872 7741892.531224702, 752228.6481453815 7741520.398903786, 752257.1380168281 7741513.493078993, 752376.6322877579 7741881.975611806, 752403.938578628 7741871.41999891, 752285.6278882738 7741506.587254199, 752314.1177597198 7741499.681429406, 752431.2448694982 7741860.864386014, 752458.5511603691 7741850.308773118, 752342.6076311665 7741492.775604611, 752371.0975026134 7741485.869779818, 752485.8574512402 7741839.753160222, 752513.1637421099 7741829.197547326, 752399.5873740591 7741478.963955024)
5437.27805577



6
[(751348.9425885351, 7744399.952175856), (751871.1874803158, 7745455.907891061), (751587.8903459136, 7745530.93225448), (751357.4540623246, 7745055.186243456), (751348.9425885351, 7744399.952175856)]
242.635361222
18
MULTIPOINT (751609.6960953391 7745525.157531509, 751356.9197705488 7745014.055155915, 751356.0401521994 7744946.339984225, 751638.5299141025 7745517.52159512, 751667.3637328667 7745509.88565873, 751355.1605338501 7744878.624812534, 751354.2809155007 7744810.909640845, 751696.1975516295 7745502.249722341, 751725.0313703924 7745494.613785951, 751353.4012971513 7744743.194469156, 751352.521678802 7744675.479297465, 751753.8651891564 7745486.977849562, 751782.6990079202 7745479.341913172, 751351.6420604526 7744607.764125775, 751350.7624421032 7744540.048954085, 751811.5328266834 7745471.705976782, 751840.3666454464 7745464.070040393, 751349.8828237539 7744472.333782395, 751349.0032054045 7744404.618610705, 751869.2004642106 7745456.434104003)
9176.00081675
MULTIPOINT (751356.9197705488 7745014.055155915, 751609.6960953391 7745525.157531509, 751638.5299141025 7745517.52159512, 751356.0401521994 7744946.339984225, 751355.1605338501 7744878.624812534, 751667.3637328667 7745509.88565873, 751696.1975516295 7745502.249722341, 751354.2809155007 7744810.909640845, 751353.4012971513 7744743.194469156, 751725.0313703924 7745494.613785951, 751753.8651891564 7745486.977849562, 751352.521678802 7744675.479297465, 751351.6420604526 7744607.764125775, 751782.6990079202 7745479.341913172, 751811.5328266834 7745471.705976782, 751350.7624421032 7744540.048954085, 751349.8828237539 7744472.333782395, 751840.3666454464 7745464.070040393, 751869.2004642106 7745456.434104003, 751349.0032054045 7744404.618610705)
9138.10771503
MULTIPOINT (751869.2004642106 7745456.434104003, 751349.0032054045 7744404.618610705, 751349.8828237539 7744472.333782395, 751840.3666454464 7745464.070040393, 751811.5328266834 7745471.705976782, 751350.7624421032 7744540.048954085, 751351.6420604526 7744607.764125775, 751782.6990079202 7745479.341913172, 751753.8651891564 7745486.977849562, 751352.521678802 7744675.479297465, 751353.4012971513 7744743.194469156, 751725.0313703924 7745494.613785951, 751696.1975516295 7745502.249722341, 751354.2809155007 7744810.909640845, 751355.1605338501 7744878.624812534, 751667.3637328667 7745509.88565873, 751638.5299141025 7745517.52159512, 751356.0401521994 7744946.339984225, 751356.9197705488 7745014.055155915, 751609.6960953391 7745525.157531509)
9176.00081675
MULTIPOINT (751349.0032054045 7744404.618610705, 751869.2004642106 7745456.434104003, 751840.3666454464 7745464.070040393, 751349.8828237539 7744472.333782395, 751350.7624421032 7744540.048954085, 751811.5328266834 7745471.705976782, 751782.6990079202 7745479.341913172, 751351.6420604526 7744607.764125775, 751352.521678802 7744675.479297465, 751753.8651891564 7745486.977849562, 751725.0313703924 7745494.613785951, 751353.4012971513 7744743.194469156, 751354.2809155007 7744810.909640845, 751696.1975516295 7745502.249722341, 751667.3637328667 7745509.88565873, 751355.1605338501 7744878.624812534, 751356.0401521994 7744946.339984225, 751638.5299141025 7745517.52159512, 751609.6960953391 7745525.157531509, 751356.9197705488 7745014.055155915)
9138.10771503



7
[(750729.5071376433, 7744239.715170151), (751050.7523909599, 7744069.520990246), (751108.2627163862, 7744482.398363273), (750781.125711621, 7744648.543891085), (750729.5071376433, 7744239.715170151)]
142.371008703
20
MULTIPOINT (751030.9688615068 7744080.002208369, 751083.371403417 7744495.040101355, 751055.684003283 7744509.101909228, 751003.3532772313 7744094.632811218, 750975.7376929559 7744109.263414066, 751027.9966031491 7744523.1637171, 751000.3092030152 7744537.225524972, 750948.1221086803 7744123.894016915, 750920.5065244058 7744138.524619764, 750972.6218028822 7744551.287332845, 750944.9344027473 7744565.349140718, 750892.8909401294 7744153.155222612, 750865.2753558541 7744167.785825462, 750917.2470026134 7744579.41094859, 750889.5596024796 7744593.472756463, 750837.6597715786 7744182.416428311, 750810.0441873031 7744197.04703116, 750861.8722023455 7744607.534564335, 750834.1848022125 7744621.596372208, 750782.4286030285 7744211.677634007, 750754.8130187531 7744226.308236857, 750806.4974020786 7744635.65818008)
4881.65768843
MULTIPOINT (751083.371403417 7744495.040101355, 751030.9688615068 7744080.002208369, 751003.3532772313 7744094.632811218, 751055.684003283 7744509.101909228, 751027.9966031491 7744523.1637171, 750975.7376929559 7744109.263414066, 750948.1221086803 7744123.894016915, 751000.3092030152 7744537.225524972, 750972.6218028822 7744551.287332845, 750920.5065244058 7744138.524619764, 750892.8909401294 7744153.155222612, 750944.9344027473 7744565.349140718, 750917.2470026134 7744579.41094859, 750865.2753558541 7744167.785825462, 750837.6597715786 7744182.416428311, 750889.5596024796 7744593.472756463, 750861.8722023455 7744607.534564335, 750810.0441873031 7744197.04703116, 750782.4286030285 7744211.677634007, 750834.1848022125 7744621.596372208, 750806.4974020786 7744635.65818008, 750754.8130187531 7744226.308236857)
4881.65768843
MULTIPOINT (750806.4974020786 7744635.65818008, 750754.8130187531 7744226.308236857, 750782.4286030285 7744211.677634007, 750834.1848022125 7744621.596372208, 750861.8722023455 7744607.534564335, 750810.0441873031 7744197.04703116, 750837.6597715786 7744182.416428311, 750889.5596024796 7744593.472756463, 750917.2470026134 7744579.41094859, 750865.2753558541 7744167.785825462, 750892.8909401294 7744153.155222612, 750944.9344027473 7744565.349140718, 750972.6218028822 7744551.287332845, 750920.5065244058 7744138.524619764, 750948.1221086803 7744123.894016915, 751000.3092030152 7744537.225524972, 751027.9966031491 7744523.1637171, 750975.7376929559 7744109.263414066, 751003.3532772313 7744094.632811218, 751055.684003283 7744509.101909228, 751083.371403417 7744495.040101355, 751030.9688615068 7744080.002208369)
4881.65768843
MULTIPOINT (750754.8130187531 7744226.308236857, 750806.4974020786 7744635.65818008, 750834.1848022125 7744621.596372208, 750782.4286030285 7744211.677634007, 750810.0441873031 7744197.04703116, 750861.8722023455 7744607.534564335, 750889.5596024796 7744593.472756463, 750837.6597715786 7744182.416428311, 750865.2753558541 7744167.785825462, 750917.2470026134 7744579.41094859, 750944.9344027473 7744565.349140718, 750892.8909401294 7744153.155222612, 750920.5065244058 7744138.524619764, 750972.6218028822 7744551.287332845, 751000.3092030152 7744537.225524972, 750948.1221086803 7744123.894016915, 750975.7376929559 7744109.263414066, 751027.9966031491 7744523.1637171, 751055.684003283 7744509.101909228, 751003.3532772313 7744094.632811218, 751030.9688615068 7744080.002208369, 751083.371403417 7744495.040101355)
4881.65768843



8
[(752675.8136482998, 7742688.74625347), (752866.0713722806, 7742207.09234174), (753208.5118637799, 7742497.366467625), (752908.8785955067, 7742883.41715752), (752675.8136482998, 7742688.74625347)]
184.234729832
26
MULTIPOINT (753152.6486919106 7742569.34117245, 753187.9606282786 7742479.945946194, 753164.4156798319 7742459.987765141, 753088.6478924627 7742651.800483203, 753024.6470930144 7742734.259793958, 753140.8707313852 7742440.029584087, 753117.3257829393 7742420.071403034, 752960.6462935682 7742816.71910471, 752904.3616457193 7742879.644309182, 753093.7808344925 7742400.113221981, 753070.2358860456 7742380.155040927, 752880.7299935048 7742859.905626227, 752857.0983412908 7742840.166943273, 753046.6909375989 7742360.196859874, 753023.1459891523 7742340.23867882, 752833.4666890765 7742820.428260318, 752809.8350368625 7742800.689577363, 752999.6010407057 7742320.280497767, 752976.0560922589 7742300.322316714, 752786.2033846484 7742780.95089441, 752762.5717324341 7742761.212211455, 752952.5111438119 7742280.364135659, 752928.9661953653 7742260.405954606, 752738.9400802201 7742741.473528501, 752715.3084280068 7742721.734845547, 752905.4212469193 7742240.447773553, 752881.8762984728 7742220.4895925, 752691.6767757925 7742701.996162592)
6739.69409228
MULTIPOINT (753187.9606282786 7742479.945946194, 753152.6486919106 7742569.34117245, 753088.6478924627 7742651.800483203, 753164.4156798319 7742459.987765141, 753140.8707313852 7742440.029584087, 753024.6470930144 7742734.259793958, 752960.6462935682 7742816.71910471, 753117.3257829393 7742420.071403034, 753093.7808344925 7742400.113221981, 752904.3616457193 7742879.644309182, 752880.7299935048 7742859.905626227, 753070.2358860456 7742380.155040927, 753046.6909375989 7742360.196859874, 752857.0983412908 7742840.166943273, 752833.4666890765 7742820.428260318, 753023.1459891523 7742340.23867882, 752999.6010407057 7742320.280497767, 752809.8350368625 7742800.689577363, 752786.2033846484 7742780.95089441, 752976.0560922589 7742300.322316714, 752952.5111438119 7742280.364135659, 752762.5717324341 7742761.212211455, 752738.9400802201 7742741.473528501, 752928.9661953653 7742260.405954606, 752905.4212469193 7742240.447773553, 752715.3084280068 7742721.734845547, 752691.6767757925 7742701.996162592, 752881.8762984728 7742220.4895925)
6759.57651919
MULTIPOINT (752691.6767757925 7742701.996162592, 752881.8762984728 7742220.4895925, 752905.4212469193 7742240.447773553, 752715.3084280068 7742721.734845547, 752738.9400802201 7742741.473528501, 752928.9661953653 7742260.405954606, 752952.5111438119 7742280.364135659, 752762.5717324341 7742761.212211455, 752786.2033846484 7742780.95089441, 752976.0560922589 7742300.322316714, 752999.6010407057 7742320.280497767, 752809.8350368625 7742800.689577363, 752833.4666890765 7742820.428260318, 753023.1459891523 7742340.23867882, 753046.6909375989 7742360.196859874, 752857.0983412908 7742840.166943273, 752880.7299935048 7742859.905626227, 753070.2358860456 7742380.155040927, 753093.7808344925 7742400.113221981, 752904.3616457193 7742879.644309182, 752960.6462935682 7742816.71910471, 753117.3257829393 7742420.071403034, 753140.8707313852 7742440.029584087, 753024.6470930144 7742734.259793958, 753088.6478924627 7742651.800483203, 753164.4156798319 7742459.987765141, 753187.9606282786 7742479.945946194, 753152.6486919106 7742569.34117245)
6739.69409228
MULTIPOINT (752881.8762984728 7742220.4895925, 752691.6767757925 7742701.996162592, 752715.3084280068 7742721.734845547, 752905.4212469193 7742240.447773553, 752928.9661953653 7742260.405954606, 752738.9400802201 7742741.473528501, 752762.5717324341 7742761.212211455, 752952.5111438119 7742280.364135659, 752976.0560922589 7742300.322316714, 752786.2033846484 7742780.95089441, 752809.8350368625 7742800.689577363, 752999.6010407057 7742320.280497767, 753023.1459891523 7742340.23867882, 752833.4666890765 7742820.428260318, 752857.0983412908 7742840.166943273, 753046.6909375989 7742360.196859874, 753070.2358860456 7742380.155040927, 752880.7299935048 7742859.905626227, 752904.3616457193 7742879.644309182, 753093.7808344925 7742400.113221981, 753117.3257829393 7742420.071403034, 752960.6462935682 7742816.71910471, 753024.6470930144 7742734.259793958, 753140.8707313852 7742440.029584087, 753164.4156798319 7742459.987765141, 753088.6478924627 7742651.800483203, 753152.6486919106 7742569.34117245, 753187.9606282786 7742479.945946194)
6759.57651919



9
[(751188.0262620412, 7742617.487159657), (750925.84027497, 7742502.123775353), (751061.7916773653, 7742102.987391266), (751326.9004761644, 7742191.027314501), (751188.0262620412, 7742617.487159657)]
122.808256578
18
MULTIPOINT (750939.8248544687 7742508.277073006, 751070.827918247 7742105.988234532, 751098.5694619151 7742115.200917725, 750966.7136794277 7742520.10831495, 750993.6025043865 7742531.939556893, 751126.311005583 7742124.413600917, 751154.0525492502 7742133.626284109, 751020.4913293446 7742543.770798837, 751047.3801543026 7742555.60204078, 751181.7940929173 7742142.838967302, 751209.5356365852 7742152.051650495, 751074.2689792615 7742567.433282723, 751101.1578042204 7742579.264524667, 751237.2771802533 7742161.264333688, 751265.0187239214 7742170.47701688, 751128.0466291794 7742591.09576661, 751154.9354541373 7742602.927008553, 751292.7602675884 7742179.689700073, 751320.5018112557 7742188.902383265, 751181.8242790954 7742614.758250496)
4618.405358
MULTIPOINT (751070.827918247 7742105.988234532, 750939.8248544687 7742508.277073006, 750966.7136794277 7742520.10831495, 751098.5694619151 7742115.200917725, 751126.311005583 7742124.413600917, 750993.6025043865 7742531.939556893, 751020.4913293446 7742543.770798837, 751154.0525492502 7742133.626284109, 751181.7940929173 7742142.838967302, 751047.3801543026 7742555.60204078, 751074.2689792615 7742567.433282723, 751209.5356365852 7742152.051650495, 751237.2771802533 7742161.264333688, 751101.1578042204 7742579.264524667, 751128.0466291794 7742591.09576661, 751265.0187239214 7742170.47701688, 751292.7602675884 7742179.689700073, 751154.9354541373 7742602.927008553, 751181.8242790954 7742614.758250496, 751320.5018112557 7742188.902383265)
4618.55073799
MULTIPOINT (751181.8242790954 7742614.758250496, 751320.5018112557 7742188.902383265, 751292.7602675884 7742179.689700073, 751154.9354541373 7742602.927008553, 751128.0466291794 7742591.09576661, 751265.0187239214 7742170.47701688, 751237.2771802533 7742161.264333688, 751101.1578042204 7742579.264524667, 751074.2689792615 7742567.433282723, 751209.5356365852 7742152.051650495, 751181.7940929173 7742142.838967302, 751047.3801543026 7742555.60204078, 751020.4913293446 7742543.770798837, 751154.0525492502 7742133.626284109, 751126.311005583 7742124.413600917, 750993.6025043865 7742531.939556893, 750966.7136794277 7742520.10831495, 751098.5694619151 7742115.200917725, 751070.827918247 7742105.988234532, 750939.8248544687 7742508.277073006)
4618.405358
MULTIPOINT (751320.5018112557 7742188.902383265, 751181.8242790954 7742614.758250496, 751154.9354541373 7742602.927008553, 751292.7602675884 7742179.689700073, 751265.0187239214 7742170.47701688, 751128.0466291794 7742591.09576661, 751101.1578042204 7742579.264524667, 751237.2771802533 7742161.264333688, 751209.5356365852 7742152.051650495, 751074.2689792615 7742567.433282723, 751047.3801543026 7742555.60204078, 751181.7940929173 7742142.838967302, 751154.0525492502 7742133.626284109, 751020.4913293446 7742543.770798837, 750993.6025043865 7742531.939556893, 751126.311005583 7742124.413600917, 751098.5694619151 7742115.200917725, 750966.7136794277 7742520.10831495, 750939.8248544687 7742508.277073006, 751070.827918247 7742105.988234532)
4618.55073799



10
[(751076.9632548952, 7742974.8868741095), (751174.199400896, 7743814.074428989), (750843.1110626135, 7743672.484353158), (751076.9632548952, 7742974.8868741095)]
132.038769883
20
MULTIPOINT (750849.9342595793 7743675.402296389, 750847.9303793466 7743658.107993582, 750869.7981856873 7743592.874794669, 750880.8947376171 7743688.642558658, 750911.8552156549 7743701.882820928, 750891.665992028 7743527.641595755, 750913.5337983693 7743462.408396838, 750942.8156936937 7743715.123083198, 750973.7761717315 7743728.363345467, 750935.40160471 7743397.175197924, 750957.2694110514 7743331.941999008, 751004.7366497703 7743741.603607737, 751035.6971278092 7743754.843870006, 750979.1372173928 7743266.708800092, 751001.0050237328 7743201.47560118, 751066.6576058459 7743768.084132275, 751097.6180838847 7743781.324394545, 751022.8728300742 7743136.242402265, 751044.7406364148 7743071.00920335, 751128.5785619227 7743794.564656814, 751159.5390399614 7743807.804919084, 751066.6084427562 7743005.776004435)
5048.79547858
MULTIPOINT (750847.9303793466 7743658.107993582, 750849.9342595793 7743675.402296389, 750880.8947376171 7743688.642558658, 750869.7981856873 7743592.874794669, 750891.665992028 7743527.641595755, 750911.8552156549 7743701.882820928, 750942.8156936937 7743715.123083198, 750913.5337983693 7743462.408396838, 750935.40160471 7743397.175197924, 750973.7761717315 7743728.363345467, 751004.7366497703 7743741.603607737, 750957.2694110514 7743331.941999008, 750979.1372173928 7743266.708800092, 751035.6971278092 7743754.843870006, 751066.6576058459 7743768.084132275, 751001.0050237328 7743201.47560118, 751022.8728300742 7743136.242402265, 751097.6180838847 7743781.324394545, 751128.5785619227 7743794.564656814, 751044.7406364148 7743071.00920335, 751066.6084427562 7743005.776004435, 751159.5390399614 7743807.804919084)
5048.79547858
MULTIPOINT (751066.6084427562 7743005.776004435, 751159.5390399614 7743807.804919084, 751128.5785619227 7743794.564656814, 751044.7406364148 7743071.00920335, 751022.8728300742 7743136.242402265, 751097.6180838847 7743781.324394545, 751066.6576058459 7743768.084132275, 751001.0050237328 7743201.47560118, 750979.1372173928 7743266.708800092, 751035.6971278092 7743754.843870006, 751004.7366497703 7743741.603607737, 750957.2694110514 7743331.941999008, 750935.40160471 7743397.175197924, 750973.7761717315 7743728.363345467, 750942.8156936937 7743715.123083198, 750913.5337983693 7743462.408396838, 750891.665992028 7743527.641595755, 750911.8552156549 7743701.882820928, 750880.8947376171 7743688.642558658, 750869.7981856873 7743592.874794669, 750847.9303793466 7743658.107993582, 750849.9342595793 7743675.402296389)
5048.79547858
MULTIPOINT (751159.5390399614 7743807.804919084, 751066.6084427562 7743005.776004435, 751044.7406364148 7743071.00920335, 751128.5785619227 7743794.564656814, 751097.6180838847 7743781.324394545, 751022.8728300742 7743136.242402265, 751001.0050237328 7743201.47560118, 751066.6576058459 7743768.084132275, 751035.6971278092 7743754.843870006, 750979.1372173928 7743266.708800092, 750957.2694110514 7743331.941999008, 751004.7366497703 7743741.603607737, 750973.7761717315 7743728.363345467, 750935.40160471 7743397.175197924, 750913.5337983693 7743462.408396838, 750942.8156936937 7743715.123083198, 750911.8552156549 7743701.882820928, 750891.665992028 7743527.641595755, 750869.7981856873 7743592.874794669, 750880.8947376171 7743688.642558658, 750849.9342595793 7743675.402296389, 750847.9303793466 7743658.107993582)
5048.79547858
