-1.000000 1757.304131 1755.235294 1504.448923 1371.584183 1774.003097 1800.578588 1078.607792 1565.530672 2727.196685 2533.477357 2737.174623 3162.649184 1886.660574 1884.149250 1630.358723 1621.169830 693.303058 599.880180 951.459814 1018.923752 4428.163701 4039.668274 4288.659408 3493.566322 3382.206989 3702.327584 3968.201901 3663.459075 1268.615412 1185.953358 1417.739654 912.291466 2361.105743 2063.655789 2216.689702 1872.964006 3178.217084 3166.729917 2551.724484 3086.013640
8145.670621 -1.000000 -1.000000 -1.000000 -1.000000 8323.632694 8309.029494 8055.233526 7709.205964 8065.702252 7780.526413 7892.381022 8476.142957 7376.618999 7306.185152 7321.651526 7140.699681 7472.593389 7776.179598 7681.179581 7279.125247 9628.849998 9199.784487 9521.435979 8636.424121 8523.903468 8839.416298 9105.798048 8812.705996 7607.530099 7648.981677 7157.716091 7430.320696 7890.973354 7859.000551 7646.265708 7597.321451 8360.739225 8351.481510 7834.637838 8231.455048
8064.702785 -1.000000 -1.000000 -1.000000 -1.000000 7783.124171 7769.592764 7588.518147 7178.224727 8677.064074 8364.273736 8372.970962 9067.514046 8020.373514 7950.852189 7933.378954 7769.110945 7406.228019 7521.415659 7270.873263 7055.134309 10124.319820 9646.697018 10046.877598 9049.899610 8835.092120 9206.689398 9434.348777 9084.602408 8072.502706 8078.825295 7722.613467 7727.133699 7693.760794 7476.888854 7538.584168 7234.118824 8559.319689 8545.856762 7891.638833 8534.437914
8398.525829 -1.000000 -1.000000 -1.000000 -1.000000 7893.444312 7866.214907 7882.434109 7277.961009 8435.796810 8097.374601 8021.417939 8789.376628 7924.690826 7839.415046 7921.540542 7733.469151 7720.239785 7867.372631 7605.500396 7379.640897 9752.440000 9253.270071 9695.049958 8648.461605 8403.832083 8787.020975 9002.524822 8643.657417 8195.333566 8224.233192 7764.147562 7931.358340 7314.365657 7258.953773 7110.826940 7005.004263 8112.076082 8098.312971 7442.198245 8104.941233
8448.353896 -1.000000 -1.000000 -1.000000 -1.000000 7918.567758 7891.113414 7915.867871 7304.388206 8515.347826 8176.723426 8098.279570 8868.353347 8002.757886 7917.752904 7997.057689 7809.460373 7773.101151 7912.081731 7644.660185 7429.987892 9827.408293 9326.651202 9771.246886 8721.272755 8472.542760 8857.545937 9070.911327 8709.908776 8265.162376 8292.795893 7837.136993 7995.433374 7354.549606 7286.010388 7159.306935 7030.540957 8175.922681 8161.979327 7501.065950 8174.166226
13045.863770 13208.468388 13190.005247 13381.267805 12862.655522 -1.000000 -1.000000 -1.000000 -1.000000 14805.726896 14511.543344 14542.423604 15212.371912 14064.055218 14013.649859 13899.401248 13781.839220 12837.896085 12533.081405 12353.076638 12766.303654 16293.743494 15811.634903 16215.228844 15210.863104 14968.027563 15354.256964 15565.323316 15195.860167 13815.069094 13775.196910 13656.337037 13375.460112 13584.660983 13190.801076 13547.361207 13107.332814 14649.256856 14634.150591 13949.338068 14670.579097
13552.464663 12623.673302 12598.203595 13054.918258 12472.040117 -1.000000 -1.000000 -1.000000 -1.000000 14396.502159 14066.448383 14003.172927 14764.302972 13789.829778 13716.170691 13712.161451 13545.848665 13016.265776 12952.983863 12603.383016 12707.406423 15725.243077 15214.574873 15674.535512 14606.124478 14322.476386 14722.618537 14913.304727 14531.216661 13828.494553 13825.101124 13500.425424 13449.315787 12889.289184 12508.222871 12866.512476 12419.257193 13977.300750 13961.562199 13273.565075 14031.802447
13741.259074 13219.478591 13192.705133 13649.666973 13057.261546 -1.000000 -1.000000 -1.000000 -1.000000 15003.399747 14671.462348 14587.680012 15366.985356 14384.513579 14314.230274 14285.962215 14129.758811 13407.733736 13188.777950 12883.787417 13189.052631 16283.438967 15756.320657 16247.604538 15147.104344 14824.435841 15236.453219 15397.960049 14998.968391 14332.802174 14313.072420 14061.368785 13916.562314 13274.454497 12855.230434 13354.120136 12935.109399 14440.080156 14423.255218 13750.268529 14547.372741
13787.512580 13211.927201 13184.928803 13654.741788 13063.408154 -1.000000 -1.000000 -1.000000 -1.000000 14999.557740 14665.981665 14575.989439 15360.053225 14390.045749 14318.598197 14296.548348 14138.038193 13437.402315 13228.663068 12916.554495 13209.000178 16267.124030 15738.362251 16233.328691 15129.325909 14803.688896 15216.317334 15375.817963 14976.088908 14353.984210 14336.169912 14074.100996 13941.131598 13250.507408 12832.511105 13334.716543 12920.091215 14417.331972 14400.466856 13729.165090 14527.804869
12980.622206 11623.643824 11648.608551 11494.606907 11923.299943 12863.871617 12832.503030 12818.615210 12259.686518 -1.000000 -1.000000 -1.000000 -1.000000 11290.586537 11231.711205 11544.074189 11441.136103 12324.230551 12624.444261 12478.760446 12110.702103 11996.793392 11550.981548 11920.172342 11008.705763 11062.016834 11249.932262 11548.503753 11373.069885 12064.826327 12151.164326 11647.921445 12146.572800 11776.120953 12067.965346 11560.584115 11904.637716 11192.600108 11196.674375 11306.228491 10877.602601
13721.525346 12707.031091 12734.110907 12393.797420 12933.271605 13958.605540 13931.995395 13803.992096 13336.245142 -1.000000 -1.000000 -1.000000 -1.000000 11835.256265 11840.475742 12098.947054 12104.495657 13151.874726 13498.666137 13433.625362 13029.205691 11905.992523 11740.930722 11714.689956 11588.052664 11947.911030 11855.838590 12145.370756 12193.505421 12563.866826 12659.964466 12303.962925 12814.054048 12950.154032 13215.460263 12723.397653 13026.742984 12258.198225 12267.627699 12486.634379 11921.965929
12970.644268 12038.022695 12065.676807 11667.928137 12227.393055 13279.591353 13256.071332 13081.918502 12653.015751 -1.000000 -1.000000 -1.000000 -1.000000 11084.450382 11090.675516 11349.481246 11354.563700 12406.237053 12756.640546 12706.404242 12297.659953 11998.124815 11749.125503 11823.887748 11430.683627 11677.221419 11711.198271 12019.900570 11966.724187 11824.331304 11920.187055 11553.129269 12063.434997 12368.681858 12586.537898 12123.326719 12376.978245 11886.190160 11891.566617 11951.821073 11558.783433
13092.353518 12015.029064 12042.480985 11698.180876 12230.031295 13263.082531 13237.923835 13103.163528 12638.390552 -1.000000 -1.000000 -1.000000 -1.000000 11260.125024 11228.309678 11532.438213 11479.548145 12483.920794 12819.166805 12735.876426 12335.884731 12454.019135 12106.422111 12319.056443 11662.503185 11801.808924 11931.213725 12239.950109 12109.150256 12047.033710 12139.181841 11690.359686 12207.633552 12333.285045 12552.847252 12087.284404 12347.569873 11934.446057 11937.272704 11925.752741 11626.321038
4491.837644 4141.797765 4165.418008 3541.908749 4101.739273 5180.185159 5171.093278 4793.624192 4586.706381 3967.512584 3835.040974 4162.105527 4401.549815 -1.000000 -1.000000 -1.000000 -1.000000 3994.820825 4362.159983 4408.559956 4002.483330 5706.092946 5382.561171 5545.001516 4913.599099 4951.882103 5166.964565 5467.161229 5263.184522 3382.795078 3471.576478 3106.296093 3579.907641 4747.177687 4757.193114 4488.211961 4496.679349 4927.652942 4923.362886 4573.955637 4701.576801
4524.009901 3995.087523 4019.181842 3402.318053 3978.832413 5065.342904 5053.944272 4717.423313 4461.754744 4013.956188 3823.512054 4100.528591 4448.459567 -1.000000 -1.000000 -1.000000 -1.000000 3964.179270 4324.466945 4331.756524 3918.891146 5716.735523 5361.083026 5570.898326 4863.000594 4865.895679 5106.208572 5400.410011 5174.725310 3548.911356 3626.215782 3114.347027 3630.927034 4596.535833 4611.761829 4337.688594 4352.378791 4813.314575 4808.081965 4431.268231 4604.052852
4748.139496 4144.948049 4171.118205 3596.876222 4188.733833 5278.736523 5264.590679 4958.278162 4664.374707 3702.481720 3562.727784 3908.617875 4137.859025 -1.000000 -1.000000 -1.000000 -1.000000 4208.750280 4570.156370 4573.116216 4159.230960 5433.333161 5109.775373 5275.259720 4650.112949 4712.851012 4908.142016 5211.308831 5025.274826 3649.116736 3740.684145 3332.134623 3840.650313 4689.071068 4760.240813 4424.979381 4508.537675 4724.703573 4722.022206 4446.766884 4476.496290
4786.989321 4101.033419 4127.474373 3567.803524 4160.573657 5249.814367 5234.504276 4949.233952 4632.076770 3750.068004 3572.273587 3891.103693 4184.439651 -1.000000 -1.000000 -1.000000 -1.000000 4223.236987 4579.873643 4565.364819 4151.168573 5459.218573 5118.228013 5309.329452 4642.119432 4686.647858 4895.401160 5196.056559 4998.656573 3737.182502 3825.545608 3371.000296 3888.029484 4638.186194 4714.854562 4374.002307 4464.810067 4684.974250 4681.862764 4395.671549 4443.782116
6388.737870 6401.556754 6388.819639 6477.235938 6015.032717 6353.809495 6366.898559 5823.098716 6053.727080 7900.234715 7614.278320 7672.590919 8312.027257 7148.915351 7099.802804 6984.359091 6866.194509 -1.000000 -1.000000 -1.000000 -1.000000 9425.842970 8959.910219 9336.437780 8367.071387 8156.720464 8528.076090 8756.001643 8403.245262 6925.217608 6893.436958 6741.841331 6492.303770 6902.003131 6564.237725 6806.885184 6405.105137 7871.593399 7857.594024 7188.634412 7856.181766
6456.201808 6175.697254 6174.147346 6075.181605 5799.293762 6659.074710 6659.344242 6236.325732 6157.750487 7491.490426 7214.286625 7304.532575 7907.607585 6735.030095 6685.606558 6578.282464 6453.329131 -1.000000 -1.000000 -1.000000 -1.000000 9052.715302 8605.724577 8952.107028 8024.960795 7854.895544 8205.322896 8451.064341 8120.884688 6582.595676 6568.477334 6338.909178 6182.249558 6799.935939 6562.002321 6637.895320 6333.106170 7614.550045 7602.155097 6971.620048 7554.411403
6130.581113 6516.296142 6517.260605 6268.649746 6150.387473 6877.755814 6887.746379 6307.918164 6466.609840 7600.067525 7362.322689 7518.061023 8030.276621 6784.549415 6757.674972 6570.619959 6498.617255 -1.000000 -1.000000 -1.000000 -1.000000 9242.061097 8825.525111 9121.234318 8263.594282 8132.277738 8462.343783 8721.928917 8410.144841 6415.415872 6374.734357 6328.145232 5974.919585 7150.912864 6905.932444 6983.101585 6683.002765 7922.193404 7910.720105 7301.911827 7834.607187
6037.158236 6663.428989 6656.241184 6572.235955 6265.575113 6658.800029 6679.007132 6003.103483 6403.327927 7950.471019 7697.568700 7818.274734 8377.068031 7145.955505 7114.311628 6937.959118 6858.904930 -1.000000 -1.000000 -1.000000 -1.000000 9559.851365 9122.929359 9449.955349 8545.844005 8376.413410 8728.043894 8973.187287 8639.337281 6762.428547 6711.443404 6694.705588 6321.847373 7223.444932 6906.550372 7102.503457 6728.958443 8125.356582 8112.405748 7464.095232 8075.690477
13464.660225 12229.829077 12254.129101 12056.215097 12529.759813 13456.349377 13422.395516 13423.973683 12863.602337 10756.440981 10936.181099 10852.725576 10331.814611 11589.781615 11582.490198 11859.523412 11844.059072 12859.957079 13188.678110 13075.160541 12690.829789 -1.000000 -1.000000 -1.000000 -1.000000 10787.582953 10417.695522 10518.763236 10835.840878 12335.517386 12431.551480 12050.613079 12566.701220 12267.176791 12620.254908 12099.630013 12489.282235 11228.067554 11244.084322 11754.736762 10970.881739
12631.674037 11145.347622 11166.261868 11133.310138 11494.888723 12317.956081 12280.499632 12381.714841 11757.298201 10325.343759 10241.734739 9903.365895 10167.284218 10926.741742 10877.387076 11190.227892 11098.268239 11964.423941 12246.673664 12067.901047 11725.790454 -1.000000 -1.000000 -1.000000 -1.000000 9592.554249 9418.707608 9727.761706 9758.475805 11711.312005 11800.086165 11306.447061 11806.462918 11078.091774 11453.508997 10935.758655 11354.007246 10021.751447 10037.191737 10565.170236 9764.273230
13604.164518 12287.219118 12310.290508 12163.629117 12607.202035 13492.183807 13456.190855 13502.488333 12914.309902 10930.678048 11071.143791 10929.346625 10523.117179 11747.855056 11732.379319 12020.614842 11989.896269 12980.783858 13298.574126 13164.565731 12791.438063 -1.000000 -1.000000 -1.000000 -1.000000 10732.727870 10332.789303 10374.473694 10730.939582 12510.300303 12605.903517 12199.396641 12717.084359 12266.356003 12637.373029 12117.683714 12524.766522 11175.708915 11192.473227 11753.252740 10951.371586
13177.775989 11750.156088 11771.640315 11696.670504 12091.686131 12927.172394 12889.535975 12982.486641 12365.748597 10643.785634 10685.653665 10445.641680 10320.162276 11386.404167 11353.495658 11659.189965 11596.350670 12526.354770 12823.759018 12660.739878 12306.554236 -1.000000 -1.000000 -1.000000 -1.000000 10127.399838 9724.797868 9806.051616 10129.610488 12171.467044 12264.514616 11807.788043 12320.795411 11678.362027 12060.213423 11543.785181 11963.495203 10569.549571 10586.438792 11167.261681 10360.400146
8849.859590 7242.960812 7259.450413 7346.234038 7622.887863 8312.361760 8270.541660 8479.725027 7808.028424 6658.110676 6562.731637 6186.713858 6468.152284 7231.487598 7174.874177 7487.339996 7379.227629 8166.308550 8417.566919 8200.381276 7895.443974 6080.130565 5549.601590 6224.420108 5471.311680 -1.000000 -1.000000 -1.000000 -1.000000 8008.012091 8093.894033 7582.203942 8066.031547 7013.212657 7425.100366 6937.115494 7381.820576 5842.895496 5860.085539 6532.164780 5781.646255
8545.116764 6884.093408 6898.447863 7053.141986 7273.141494 7913.370102 7870.812604 8110.261878 7425.940358 6604.934293 6431.931783 6011.279991 6516.286948 7045.453593 6977.474191 7283.363289 7153.542927 7854.524474 8083.716914 7847.624894 7565.264321 6436.596454 5873.160462 6541.497749 5502.025779 -1.000000 -1.000000 -1.000000 -1.000000 7796.302739 7876.651602 7346.402810 7805.303808 6609.621941 7025.397955 6548.820540 6996.137866 5440.715293 5457.437472 6141.385959 5463.850250
8263.864677 6644.268073 6661.081847 6764.339458 7023.631206 7738.837552 7698.412593 7882.429274 7217.200083 6315.431524 6124.590452 5700.226939 6270.692557 6733.029779 6665.465475 6972.060870 6844.713297 7576.657370 7820.793042 7601.100096 7299.275176 6438.384742 5870.949811 6493.239825 5336.104223 -1.000000 -1.000000 -1.000000 -1.000000 7486.196432 7567.322136 7039.631608 7505.327925 6456.023317 6856.074036 6354.646899 6794.793302 5324.912261 5341.546604 5956.474937 5182.691997
8583.985273 7027.456965 7046.085024 7079.852288 7395.228484 8150.854930 8111.041031 8268.658675 7617.342234 6349.408376 6253.995253 5888.142367 6178.620117 6928.320783 6874.218777 7187.143332 7085.026189 7906.723416 8172.423527 7972.455723 7649.702529 6038.446174 5468.347842 6123.352394 5162.257582 -1.000000 -1.000000 -1.000000 -1.000000 7708.356268 7795.401030 7290.319711 7781.347305 6873.599691 7270.742484 6764.515306 7199.954909 5733.889483 5751.075786 6371.016123 5573.100893
8157.433746 7862.619956 7883.712483 7256.188485 7769.188958 8833.806900 8826.861097 8428.775152 8253.185525 8049.375778 7871.177617 8144.167954 8484.780856 7210.349794 7207.854318 6984.511264 6951.201048 7630.561269 7997.121625 8044.257368 7641.325214 9763.089916 9409.374420 9614.306354 8908.033438 8897.668012 9148.356114 9440.240346 9204.439214 -1.000000 -1.000000 -1.000000 -1.000000 8502.224160 8466.649931 8252.064753 8203.724833 8822.849151 8816.602999 8392.911948 8629.207005
7671.867986 8049.713161 8061.891292 7548.675517 7793.591616 8708.882856 8713.774125 8167.780654 8221.958315 8579.563933 8408.333910 8662.701736 9014.754406 7738.747910 7744.765933 7478.005239 7487.663483 7297.218048 7644.145837 7814.602233 7504.548021 10300.660062 9942.264215 10150.276923 9427.931722 9383.246755 9659.266136 9943.950378 9683.222638 -1.000000 -1.000000 -1.000000 -1.000000 8722.835403 8574.240895 8504.748328 8321.270484 9258.688246 9250.295827 8737.421846 9101.801013
8008.309504 8293.805959 8311.737867 7706.002493 8119.078196 9105.240289 9106.744311 8587.507209 8581.254654 8320.577813 8227.851641 8561.072836 8744.684757 7527.331907 7574.036524 7261.010249 7385.765378 7717.831908 8064.844584 8227.633644 7885.011713 10073.993578 9773.053421 9899.210661 9312.898382 9344.232836 9566.392672 9866.048495 9654.339142 -1.000000 -1.000000 -1.000000 -1.000000 8953.360318 8872.456076 8711.041747 8610.922530 9294.271350 9288.642835 8870.900155 9086.240179
7945.529877 8342.588013 8359.253810 7767.336498 8145.283212 9105.392962 9108.812439 8567.517452 8597.743651 8436.315991 8339.882199 8667.293262 8860.664824 7638.781743 7682.282056 7369.674076 7482.952230 7697.032820 8033.741867 8215.735421 7890.775797 10189.479220 9885.983420 10015.127183 9421.554969 9445.240967 9673.319861 9971.812864 9754.570432 -1.000000 -1.000000 -1.000000 -1.000000 9007.890801 8909.482397 8770.237458 8649.578844 9385.501725 9379.463421 8945.127330 9183.974092
6835.095060 5088.010600 5084.593691 5623.449367 5463.870925 6005.269517 5966.187910 6198.510588 5497.983843 6498.284493 6146.813601 5935.541890 6782.926849 6181.905817 6089.567594 6245.138397 6053.253881 6164.228887 6283.630759 5988.012486 5819.022622 7560.088255 7024.082824 7542.034554 6416.056298 6091.394568 6501.262975 6673.863163 6285.568210 6589.753013 6629.066296 6130.776019 6363.577167 -1.000000 -1.000000 -1.000000 -1.000000 5729.763436 5713.879604 5026.044381 5811.660144
6491.514744 4982.333302 4955.973093 5574.650491 5159.550960 5586.404159 5551.707961 5758.627574 5050.873940 6752.081400 6407.244450 6279.740871 7086.417561 6265.609492 6180.520734 6253.751166 6068.089459 5864.275447 5910.231126 5586.377819 5514.378852 7967.316443 7443.938226 7931.832156 6834.450269 6531.686352 6936.847959 7118.713625 6733.030916 6489.779175 6508.553063 6082.581479 6180.244703 -1.000000 -1.000000 -1.000000 -1.000000 6177.754321 6161.887669 5473.971310 6245.435625
6979.511101 5291.549316 5279.836362 5868.157013 5619.047550 5925.603878 5881.978775 6235.810364 5520.760551 6743.639632 6392.814242 6151.078728 7009.683229 6445.997505 6353.751481 6504.104123 6312.101120 6332.040167 6404.572234 6083.130433 5981.063241 7708.760545 7158.659670 7709.581332 6558.389417 6192.770986 6610.347361 6749.960327 6346.369611 6832.071584 6866.719640 6380.935426 6581.664242 -1.000000 -1.000000 -1.000000 -1.000000 5788.987096 5771.902536 5131.805071 5936.376126
6682.206527 5236.282813 5211.442524 5836.329591 5402.320990 5506.525195 5464.127851 5842.095836 5139.839617 6961.641053 6612.521829 6443.068501 7275.134840 6517.312630 6430.565229 6514.264931 6327.472496 6087.205127 6087.823054 5745.510407 5743.275004 8079.922951 7540.656446 8062.804829 6933.952020 6592.967085 7007.635534 7161.993416 6762.291004 6751.312722 6768.456615 6345.506577 6433.215114 -1.000000 -1.000000 -1.000000 -1.000000 6203.433859 6186.593805 5518.348401 6322.677990
7600.519963 5849.772025 5856.742827 6242.211619 6247.315709 6831.808030 6791.026577 7030.877569 6335.426562 6757.168968 6415.672059 6111.576386 6976.553697 6634.083441 6541.626957 6761.272194 6577.223639 6913.429250 7075.612655 6800.151835 6583.137471 7626.047402 7077.949444 7627.531424 6475.858000 6123.612727 6538.153913 6699.302570 6308.523750 7180.001542 7234.346289 6702.013335 7026.640805 5562.195191 5948.593142 5456.434501 5904.216051 -1.000000 -1.000000 -1.000000 -1.000000
8134.809118 6512.515013 6529.843102 6639.028829 6890.114790 7628.912242 7589.666356 7752.118598 7093.663934 6364.131329 6116.240356 5682.950496 6411.885246 6663.812847 6589.737524 6888.893358 6750.008260 7446.124610 7687.207900 7467.699189 7165.928826 6824.166248 6271.087909 6843.676401 5674.960994 5349.829787 5740.238683 5948.784045 5630.988041 7395.341565 7473.193052 6938.308391 7391.019972 6366.766247 6752.922731 6242.050265 6675.680365 -1.000000 -1.000000 -1.000000 -1.000000
8227.012563 6519.649862 6531.599557 6768.313005 6914.996565 7521.619657 7479.193458 7730.796357 7039.162237 6691.538055 6424.365375 5997.948004 6748.117542 6912.020131 6830.929658 7114.969500 6959.269983 7533.710827 7736.874005 7483.110822 7226.067468 7048.503577 6480.237334 7100.862216 5932.439211 5492.050051 5901.027273 6010.033286 5607.853084 7603.372737 7674.720684 7131.950537 7547.907206 6219.377217 6633.678599 6160.153556 6607.999061 -1.000000 -1.000000 -1.000000 -1.000000
8215.525396 6505.886751 6517.656203 6759.055290 6901.533638 7504.794719 7462.328343 7715.690092 7023.423686 6696.914513 6427.192021 6002.022271 6757.547016 6909.338763 6827.818172 7110.679444 6954.037373 7522.237528 7723.923171 7469.111446 7213.672520 7065.267889 6497.126555 7116.878984 5947.879501 5508.684394 5918.213576 6027.223329 5624.575262 7597.744221 7668.682380 7125.704386 7539.514786 6202.292657 6616.838545 6144.269724 6592.132410 -1.000000 -1.000000 -1.000000 -1.000000
