752976.07402
7741313.07430
751584.83582,751871.89179,752207.68460,751996.78866,751584.83582
7742397.39929,7742083.80714,7742580.39116,7742714.49721,7742397.39929
751166.14246,751744.28239,751914.14067,751496.86755,751166.14246
7741250.16737,7740913.72039,7741230.20960,7741809.66181,7741250.16737
751771.79879,752255.25631,752676.28916,752362.13395,751771.79879
7743783.86034,7743728.93452,7744263.40418,7744426.98008,7743783.86034
752594.05170,752774.93863,752842.97100,752576.59816,752494.14092,752594.05170
7742879.85605,7742922.00594,7743172.08063,7743169.52338,7743099.16712,7742879.85605
752050.98065,752401.39017,752534.76166,752179.03951,752050.98065
7741563.46476,7741478.52696,7741820.84858,7741958.35775,7741563.46476
751348.94259,751871.18748,751587.89035,751357.45406,751348.94259
7744399.95218,7745455.90789,7745530.93225,7745055.18624,7744399.95218
750729.50714,751050.75239,751108.26272,750781.12571,750729.50714
7744239.71517,7744069.52099,7744482.39836,7744648.54389,7744239.71517
752675.81365,752866.07137,753208.51186,752908.87860,752675.81365
7742688.74625,7742207.09234,7742497.36647,7742883.41716,7742688.74625
751188.02626,750925.84027,751061.79168,751326.90048,751188.02626
7742617.48716,7742502.12378,7742102.98739,7742191.02731,7742617.48716
751076.96325,751174.19940,750843.11106,751076.96325
7742974.88687,7743814.07443,7743672.48435,7742974.88687
