752976.074020 7741313.074302
751606.325796 7742413.941055
751590.762234 7742390.925029
752186.649062 7742593.767395
751854.591302 7742102.706928
751204.108505 7741228.073135
751176.085327 7741266.987917
751902.538632 7741208.592059
751484.619446 7741788.941444
752462.001297 7743991.381789
752224.320740 7743732.449123
751793.145559 7743781.435128
752378.083710 7744418.675283
752643.350159 7743170.164218
752552.552841 7743149.006820
752777.464491 7742931.290549
752590.470262 7742887.717550
752513.163742 7741829.197547
752399.587374 7741478.963955
752057.708917 7741561.833853
752185.488252 7741955.864902
751609.696095 7745525.157532
751356.919771 7745014.055156
751869.200464 7745456.434104
751349.003205 7744404.618611
751030.968862 7744080.002208
751083.371403 7744495.040101
750806.497402 7744635.658180
750754.813019 7744226.308237
753152.648692 7742569.341172
753187.960628 7742479.945946
752691.676776 7742701.996163
752881.876298 7742220.489593
750939.824854 7742508.277073
751070.827918 7742105.988235
751181.824279 7742614.758250
751320.501811 7742188.902383
750849.934260 7743675.402296
750847.930379 7743658.107994
751066.608443 7743005.776004
751159.539040 7743807.804919
