752976.07402
7741313.07430
751606.32580,751590.76223,751611.05678,751679.91657,751753.50734,751631.35132,751651.64586,751827.09812,751900.68889,751671.94041,751692.23495,751974.27966,752013.91708,751712.52950,751732.82404,752038.59308,752063.26908,751753.11858,751773.41313,752087.94507,752112.62107,751793.70767,751814.00221,752137.29707,752161.97307,751834.29676,751854.59130,752186.64906
7742413.94106,7742390.92503,7742368.75441,7742470.58706,7742527.23306,7742346.58378,7742324.41316,7742583.87906,7742640.52506,7742302.24254,7742280.07191,7742697.17106,7742703.60546,7742257.90129,7742235.73067,7742687.91431,7742672.22316,7742213.56004,7742191.38942,7742656.53201,7742640.84085,7742169.21880,7742147.04817,7742625.14970,7742609.45855,7742124.87755,7742102.70693,7742593.76739
751590.76223,751606.32580,751679.91657,751611.05678,751631.35132,751753.50734,751827.09812,751651.64586,751671.94041,751900.68889,751974.27966,751692.23495,751712.52950,752013.91708,752038.59308,751732.82404,751753.11858,752063.26908,752087.94507,751773.41313,751793.70767,752112.62107,752137.29707,751814.00221,751834.29676,752161.97307,752186.64906,751854.59130
7742390.92503,7742413.94106,7742470.58706,7742368.75441,7742346.58378,7742527.23306,7742583.87906,7742324.41316,7742302.24254,7742640.52506,7742697.17106,7742280.07191,7742257.90129,7742703.60546,7742687.91431,7742235.73067,7742213.56004,7742672.22316,7742656.53201,7742191.38942,7742169.21880,7742640.84085,7742625.14970,7742147.04817,7742124.87755,7742609.45855,7742593.76739,7742102.70693
752186.64906,751854.59130,751834.29676,752161.97307,752137.29707,751814.00221,751793.70767,752112.62107,752087.94507,751773.41313,751753.11858,752063.26908,752038.59308,751732.82404,751712.52950,752013.91708,751974.27966,751692.23495,751671.94041,751900.68889,751827.09812,751651.64586,751631.35132,751753.50734,751679.91657,751611.05678,751590.76223,751606.32580
7742593.76739,7742102.70693,7742124.87755,7742609.45855,7742625.14970,7742147.04817,7742169.21880,7742640.84085,7742656.53201,7742191.38942,7742213.56004,7742672.22316,7742687.91431,7742235.73067,7742257.90129,7742703.60546,7742697.17106,7742280.07191,7742302.24254,7742640.52506,7742583.87906,7742324.41316,7742346.58378,7742527.23306,7742470.58706,7742368.75441,7742390.92503,7742413.94106
751854.59130,752186.64906,752161.97307,751834.29676,751814.00221,752137.29707,752112.62107,751793.70767,751773.41313,752087.94507,752063.26908,751753.11858,751732.82404,752038.59308,752013.91708,751712.52950,751692.23495,751974.27966,751900.68889,751671.94041,751651.64586,751827.09812,751753.50734,751631.35132,751611.05678,751679.91657,751606.32580,751590.76223
7742102.70693,7742593.76739,7742609.45855,7742124.87755,7742147.04817,7742625.14970,7742640.84085,7742169.21880,7742191.38942,7742656.53201,7742672.22316,7742213.56004,7742235.73067,7742687.91431,7742703.60546,7742257.90129,7742280.07191,7742697.17106,7742640.52506,7742302.24254,7742324.41316,7742583.87906,7742527.23306,7742346.58378,7742368.75441,7742470.58706,7742413.94106,7742390.92503
751204.10850,751176.08533,751192.32396,751266.11447,751328.12043,751208.56260,751224.80124,751390.12639,751452.13235,751241.03988,751257.27852,751514.13831,751576.14428,751273.51715,751289.75579,751638.15024,751700.15620,751305.99443,751322.23307,751748.71790,751764.09997,751338.47171,751354.71034,751779.48204,751794.86412,751370.94898,751387.18762,751810.24619,751825.62826,751403.42626,751419.66489,751841.01034,751856.39241,751435.90353,751452.14217,751871.77448,751887.15656,751468.38081,751484.61945,751902.53863
7741228.07314,7741266.98792,7741294.45916,7741191.98893,7741155.90473,7741321.93039,7741349.40163,7741119.82053,7741083.73632,7741376.87287,7741404.34411,7741047.65212,7741011.56792,7741431.81535,7741459.28659,7740975.48371,7740939.39951,7741486.75782,7741514.22906,7740921.98488,7740950.64559,7741541.70030,7741569.17154,7740979.30631,7741007.96703,7741596.64278,7741624.11401,7741036.62775,7741065.28847,7741651.58525,7741679.05649,7741093.94919,7741122.60990,7741706.52773,7741733.99897,7741151.27062,7741179.93134,7741761.47021,7741788.94144,7741208.59206
751176.08533,751204.10850,751266.11447,751192.32396,751208.56260,751328.12043,751390.12639,751224.80124,751241.03988,751452.13235,751514.13831,751257.27852,751273.51715,751576.14428,751638.15024,751289.75579,751305.99443,751700.15620,751748.71790,751322.23307,751338.47171,751764.09997,751779.48204,751354.71034,751370.94898,751794.86412,751810.24619,751387.18762,751403.42626,751825.62826,751841.01034,751419.66489,751435.90353,751856.39241,751871.77448,751452.14217,751468.38081,751887.15656,751902.53863,751484.61945
7741266.98792,7741228.07314,7741191.98893,7741294.45916,7741321.93039,7741155.90473,7741119.82053,7741349.40163,7741376.87287,7741083.73632,7741047.65212,7741404.34411,7741431.81535,7741011.56792,7740975.48371,7741459.28659,7741486.75782,7740939.39951,7740921.98488,7741514.22906,7741541.70030,7740950.64559,7740979.30631,7741569.17154,7741596.64278,7741007.96703,7741036.62775,7741624.11401,7741651.58525,7741065.28847,7741093.94919,7741679.05649,7741706.52773,7741122.60990,7741151.27062,7741733.99897,7741761.47021,7741179.93134,7741208.59206,7741788.94144
751902.53863,751484.61945,751468.38081,751887.15656,751871.77448,751452.14217,751435.90353,751856.39241,751841.01034,751419.66489,751403.42626,751825.62826,751810.24619,751387.18762,751370.94898,751794.86412,751779.48204,751354.71034,751338.47171,751764.09997,751748.71790,751322.23307,751305.99443,751700.15620,751638.15024,751289.75579,751273.51715,751576.14428,751514.13831,751257.27852,751241.03988,751452.13235,751390.12639,751224.80124,751208.56260,751328.12043,751266.11447,751192.32396,751176.08533,751204.10850
7741208.59206,7741788.94144,7741761.47021,7741179.93134,7741151.27062,7741733.99897,7741706.52773,7741122.60990,7741093.94919,7741679.05649,7741651.58525,7741065.28847,7741036.62775,7741624.11401,7741596.64278,7741007.96703,7740979.30631,7741569.17154,7741541.70030,7740950.64559,7740921.98488,7741514.22906,7741486.75782,7740939.39951,7740975.48371,7741459.28659,7741431.81535,7741011.56792,7741047.65212,7741404.34411,7741376.87287,7741083.73632,7741119.82053,7741349.40163,7741321.93039,7741155.90473,7741191.98893,7741294.45916,7741266.98792,7741228.07314
751484.61945,751902.53863,751887.15656,751468.38081,751452.14217,751871.77448,751856.39241,751435.90353,751419.66489,751841.01034,751825.62826,751403.42626,751387.18762,751810.24619,751794.86412,751370.94898,751354.71034,751779.48204,751764.09997,751338.47171,751322.23307,751748.71790,751700.15620,751305.99443,751289.75579,751638.15024,751576.14428,751273.51715,751257.27852,751514.13831,751452.13235,751241.03988,751224.80124,751390.12639,751328.12043,751208.56260,751192.32396,751266.11447,751204.10850,751176.08533
7741788.94144,7741208.59206,7741179.93134,7741761.47021,7741733.99897,7741151.27062,7741122.60990,7741706.52773,7741679.05649,7741093.94919,7741065.28847,7741651.58525,7741624.11401,7741036.62775,7741007.96703,7741596.64278,7741569.17154,7740979.30631,7740950.64559,7741541.70030,7741514.22906,7740921.98488,7740939.39951,7741486.75782,7741459.28659,7740975.48371,7741011.56792,7741431.81535,7741404.34411,7741047.65212,7741083.73632,7741376.87287,7741349.40163,7741119.82053,7741155.90473,7741321.93039,7741294.45916,7741191.98893,7741228.07314,7741266.98792
752462.00130,752224.32074,752188.38948,752673.39981,752646.55289,752152.45821,752116.52694,752619.70597,752592.85905,752080.59568,752044.66441,752566.01214,752539.16522,752008.73315,751972.80188,752512.31830,752485.47138,751936.87062,751900.93935,752458.62446,752431.77755,751865.00809,751829.07682,752404.93063,752378.08371,751793.14556
7743991.38179,7743732.44912,7743736.53129,7744264.90862,7744278.88741,7743740.61346,7743744.69562,7744292.86620,7744306.84498,7743748.77779,7743752.85996,7744320.82377,7744334.80256,7743756.94213,7743761.02429,7744348.78135,7744362.76013,7743765.10646,7743769.18863,7744376.73892,7744390.71771,7743773.27079,7743777.35296,7744404.69650,7744418.67528,7743781.43513
752224.32074,752462.00130,752673.39981,752188.38948,752152.45821,752646.55289,752619.70597,752116.52694,752080.59568,752592.85905,752566.01214,752044.66441,752008.73315,752539.16522,752512.31830,751972.80188,751936.87062,752485.47138,752458.62446,751900.93935,751865.00809,752431.77755,752404.93063,751829.07682,751793.14556,752378.08371
7743732.44912,7743991.38179,7744264.90862,7743736.53129,7743740.61346,7744278.88741,7744292.86620,7743744.69562,7743748.77779,7744306.84498,7744320.82377,7743752.85996,7743756.94213,7744334.80256,7744348.78135,7743761.02429,7743765.10646,7744362.76013,7744376.73892,7743769.18863,7743773.27079,7744390.71771,7744404.69650,7743777.35296,7743781.43513,7744418.67528
751793.14556,752378.08371,752404.93063,751829.07682,751865.00809,752431.77755,752458.62446,751900.93935,751936.87062,752485.47138,752512.31830,751972.80188,752008.73315,752539.16522,752566.01214,752044.66441,752080.59568,752592.85905,752619.70597,752116.52694,752152.45821,752646.55289,752673.39981,752188.38948,752224.32074,752462.00130
7743781.43513,7744418.67528,7744404.69650,7743777.35296,7743773.27079,7744390.71771,7744376.73892,7743769.18863,7743765.10646,7744362.76013,7744348.78135,7743761.02429,7743756.94213,7744334.80256,7744320.82377,7743752.85996,7743748.77779,7744306.84498,7744292.86620,7743744.69562,7743740.61346,7744278.88741,7744264.90862,7743736.53129,7743732.44912,7743991.38179
752378.08371,751793.14556,751829.07682,752404.93063,752431.77755,751865.00809,751900.93935,752458.62446,752485.47138,751936.87062,751972.80188,752512.31830,752539.16522,752008.73315,752044.66441,752566.01214,752592.85905,752080.59568,752116.52694,752619.70597,752646.55289,752152.45821,752188.38948,752673.39981,752462.00130,752224.32074
7744418.67528,7743781.43513,7743777.35296,7744404.69650,7744390.71771,7743773.27079,7743769.18863,7744376.73892,7744362.76013,7743765.10646,7743761.02429,7744348.78135,7744334.80256,7743756.94213,7743752.85996,7744320.82377,7744306.84498,7743748.77779,7743744.69562,7744292.86620,7744278.88741,7743740.61346,7743736.53129,7744264.90862,7743991.38179,7743732.44912
752643.35016,752552.55284,752504.16115,752777.68987,752838.48951,752503.94248,752516.30359,752829.77165,752821.05379,752528.66470,752541.02582,752812.33593,752803.61807,752553.38693,752565.74804,752794.90021,752786.18235,752578.10915,752590.47026,752777.46449
7743170.16422,7743149.00682,7743107.71683,7743171.45392,7743155.60746,7743077.65202,7743050.51853,7743123.56219,7743091.51692,7743023.38503,7742996.25154,7743059.47164,7743027.42637,7742969.11804,7742941.98454,7742995.38110,7742963.33582,7742914.85105,7742887.71755,7742931.29055
752552.55284,752643.35016,752777.68987,752504.16115,752503.94248,752838.48951,752829.77165,752516.30359,752528.66470,752821.05379,752812.33593,752541.02582,752553.38693,752803.61807,752794.90021,752565.74804,752578.10915,752786.18235,752777.46449,752590.47026
7743149.00682,7743170.16422,7743171.45392,7743107.71683,7743077.65202,7743155.60746,7743123.56219,7743050.51853,7743023.38503,7743091.51692,7743059.47164,7742996.25154,7742969.11804,7743027.42637,7742995.38110,7742941.98454,7742914.85105,7742963.33582,7742931.29055,7742887.71755
752777.46449,752590.47026,752578.10915,752786.18235,752794.90021,752565.74804,752553.38693,752803.61807,752812.33593,752541.02582,752528.66470,752821.05379,752829.77165,752516.30359,752503.94248,752838.48951,752777.68987,752504.16115,752552.55284,752643.35016
7742931.29055,7742887.71755,7742914.85105,7742963.33582,7742995.38110,7742941.98454,7742969.11804,7743027.42637,7743059.47164,7742996.25154,7743023.38503,7743091.51692,7743123.56219,7743050.51853,7743077.65202,7743155.60746,7743171.45392,7743107.71683,7743149.00682,7743170.16422
752590.47026,752777.46449,752786.18235,752578.10915,752565.74804,752794.90021,752803.61807,752553.38693,752541.02582,752812.33593,752821.05379,752528.66470,752516.30359,752829.77165,752838.48951,752503.94248,752504.16115,752777.68987,752643.35016,752552.55284
7742887.71755,7742931.29055,7742963.33582,7742914.85105,7742941.98454,7742995.38110,7743027.42637,7742969.11804,7742996.25154,7743059.47164,7743091.51692,7743023.38503,7743050.51853,7743123.56219,7743155.60746,7743077.65202,7743107.71683,7743171.45392,7743170.16422,7743149.00682
752513.16374,752399.58737,752371.09750,752485.85745,752458.55116,752342.60763,752314.11776,752431.24487,752403.93858,752285.62789,752257.13802,752376.63229,752349.32600,752228.64815,752200.15827,752322.01971,752294.71342,752171.66840,752143.17853,752267.40712,752240.10083,752114.68866,752086.19879,752212.79454,752185.48825,752057.70892
7741829.19755,7741478.96396,7741485.86978,7741839.75316,7741850.30877,7741492.77560,7741499.68143,7741860.86439,7741871.42000,7741506.58725,7741513.49308,7741881.97561,7741892.53122,7741520.39890,7741527.30473,7741903.08684,7741913.64245,7741534.21055,7741541.11638,7741924.19806,7741934.75368,7741548.02220,7741554.92803,7741945.30929,7741955.86490,7741561.83385
752399.58737,752513.16374,752485.85745,752371.09750,752342.60763,752458.55116,752431.24487,752314.11776,752285.62789,752403.93858,752376.63229,752257.13802,752228.64815,752349.32600,752322.01971,752200.15827,752171.66840,752294.71342,752267.40712,752143.17853,752114.68866,752240.10083,752212.79454,752086.19879,752057.70892,752185.48825
7741478.96396,7741829.19755,7741839.75316,7741485.86978,7741492.77560,7741850.30877,7741860.86439,7741499.68143,7741506.58725,7741871.42000,7741881.97561,7741513.49308,7741520.39890,7741892.53122,7741903.08684,7741527.30473,7741534.21055,7741913.64245,7741924.19806,7741541.11638,7741548.02220,7741934.75368,7741945.30929,7741554.92803,7741561.83385,7741955.86490
752057.70892,752185.48825,752212.79454,752086.19879,752114.68866,752240.10083,752267.40712,752143.17853,752171.66840,752294.71342,752322.01971,752200.15827,752228.64815,752349.32600,752376.63229,752257.13802,752285.62789,752403.93858,752431.24487,752314.11776,752342.60763,752458.55116,752485.85745,752371.09750,752399.58737,752513.16374
7741561.83385,7741955.86490,7741945.30929,7741554.92803,7741548.02220,7741934.75368,7741924.19806,7741541.11638,7741534.21055,7741913.64245,7741903.08684,7741527.30473,7741520.39890,7741892.53122,7741881.97561,7741513.49308,7741506.58725,7741871.42000,7741860.86439,7741499.68143,7741492.77560,7741850.30877,7741839.75316,7741485.86978,7741478.96396,7741829.19755
752185.48825,752057.70892,752086.19879,752212.79454,752240.10083,752114.68866,752143.17853,752267.40712,752294.71342,752171.66840,752200.15827,752322.01971,752349.32600,752228.64815,752257.13802,752376.63229,752403.93858,752285.62789,752314.11776,752431.24487,752458.55116,752342.60763,752371.09750,752485.85745,752513.16374,752399.58737
7741955.86490,7741561.83385,7741554.92803,7741945.30929,7741934.75368,7741548.02220,7741541.11638,7741924.19806,7741913.64245,7741534.21055,7741527.30473,7741903.08684,7741892.53122,7741520.39890,7741513.49308,7741881.97561,7741871.42000,7741506.58725,7741499.68143,7741860.86439,7741850.30877,7741492.77560,7741485.86978,7741839.75316,7741829.19755,7741478.96396
751609.69610,751356.91977,751356.04015,751638.52991,751667.36373,751355.16053,751354.28092,751696.19755,751725.03137,751353.40130,751352.52168,751753.86519,751782.69901,751351.64206,751350.76244,751811.53283,751840.36665,751349.88282,751349.00321,751869.20046
7745525.15753,7745014.05516,7744946.33998,7745517.52160,7745509.88566,7744878.62481,7744810.90964,7745502.24972,7745494.61379,7744743.19447,7744675.47930,7745486.97785,7745479.34191,7744607.76413,7744540.04895,7745471.70598,7745464.07004,7744472.33378,7744404.61861,7745456.43410
751356.91977,751609.69610,751638.52991,751356.04015,751355.16053,751667.36373,751696.19755,751354.28092,751353.40130,751725.03137,751753.86519,751352.52168,751351.64206,751782.69901,751811.53283,751350.76244,751349.88282,751840.36665,751869.20046,751349.00321
7745014.05516,7745525.15753,7745517.52160,7744946.33998,7744878.62481,7745509.88566,7745502.24972,7744810.90964,7744743.19447,7745494.61379,7745486.97785,7744675.47930,7744607.76413,7745479.34191,7745471.70598,7744540.04895,7744472.33378,7745464.07004,7745456.43410,7744404.61861
751869.20046,751349.00321,751349.88282,751840.36665,751811.53283,751350.76244,751351.64206,751782.69901,751753.86519,751352.52168,751353.40130,751725.03137,751696.19755,751354.28092,751355.16053,751667.36373,751638.52991,751356.04015,751356.91977,751609.69610
7745456.43410,7744404.61861,7744472.33378,7745464.07004,7745471.70598,7744540.04895,7744607.76413,7745479.34191,7745486.97785,7744675.47930,7744743.19447,7745494.61379,7745502.24972,7744810.90964,7744878.62481,7745509.88566,7745517.52160,7744946.33998,7745014.05516,7745525.15753
751349.00321,751869.20046,751840.36665,751349.88282,751350.76244,751811.53283,751782.69901,751351.64206,751352.52168,751753.86519,751725.03137,751353.40130,751354.28092,751696.19755,751667.36373,751355.16053,751356.04015,751638.52991,751609.69610,751356.91977
7744404.61861,7745456.43410,7745464.07004,7744472.33378,7744540.04895,7745471.70598,7745479.34191,7744607.76413,7744675.47930,7745486.97785,7745494.61379,7744743.19447,7744810.90964,7745502.24972,7745509.88566,7744878.62481,7744946.33998,7745517.52160,7745525.15753,7745014.05516
751030.96886,751083.37140,751055.68400,751003.35328,750975.73769,751027.99660,751000.30920,750948.12211,750920.50652,750972.62180,750944.93440,750892.89094,750865.27536,750917.24700,750889.55960,750837.65977,750810.04419,750861.87220,750834.18480,750782.42860,750754.81302,750806.49740
7744080.00221,7744495.04010,7744509.10191,7744094.63281,7744109.26341,7744523.16372,7744537.22552,7744123.89402,7744138.52462,7744551.28733,7744565.34914,7744153.15522,7744167.78583,7744579.41095,7744593.47276,7744182.41643,7744197.04703,7744607.53456,7744621.59637,7744211.67763,7744226.30824,7744635.65818
751083.37140,751030.96886,751003.35328,751055.68400,751027.99660,750975.73769,750948.12211,751000.30920,750972.62180,750920.50652,750892.89094,750944.93440,750917.24700,750865.27536,750837.65977,750889.55960,750861.87220,750810.04419,750782.42860,750834.18480,750806.49740,750754.81302
7744495.04010,7744080.00221,7744094.63281,7744509.10191,7744523.16372,7744109.26341,7744123.89402,7744537.22552,7744551.28733,7744138.52462,7744153.15522,7744565.34914,7744579.41095,7744167.78583,7744182.41643,7744593.47276,7744607.53456,7744197.04703,7744211.67763,7744621.59637,7744635.65818,7744226.30824
750806.49740,750754.81302,750782.42860,750834.18480,750861.87220,750810.04419,750837.65977,750889.55960,750917.24700,750865.27536,750892.89094,750944.93440,750972.62180,750920.50652,750948.12211,751000.30920,751027.99660,750975.73769,751003.35328,751055.68400,751083.37140,751030.96886
7744635.65818,7744226.30824,7744211.67763,7744621.59637,7744607.53456,7744197.04703,7744182.41643,7744593.47276,7744579.41095,7744167.78583,7744153.15522,7744565.34914,7744551.28733,7744138.52462,7744123.89402,7744537.22552,7744523.16372,7744109.26341,7744094.63281,7744509.10191,7744495.04010,7744080.00221
750754.81302,750806.49740,750834.18480,750782.42860,750810.04419,750861.87220,750889.55960,750837.65977,750865.27536,750917.24700,750944.93440,750892.89094,750920.50652,750972.62180,751000.30920,750948.12211,750975.73769,751027.99660,751055.68400,751003.35328,751030.96886,751083.37140
7744226.30824,7744635.65818,7744621.59637,7744211.67763,7744197.04703,7744607.53456,7744593.47276,7744182.41643,7744167.78583,7744579.41095,7744565.34914,7744153.15522,7744138.52462,7744551.28733,7744537.22552,7744123.89402,7744109.26341,7744523.16372,7744509.10191,7744094.63281,7744080.00221,7744495.04010
753152.64869,753187.96063,753164.41568,753088.64789,753024.64709,753140.87073,753117.32578,752960.64629,752904.36165,753093.78083,753070.23589,752880.72999,752857.09834,753046.69094,753023.14599,752833.46669,752809.83504,752999.60104,752976.05609,752786.20338,752762.57173,752952.51114,752928.96620,752738.94008,752715.30843,752905.42125,752881.87630,752691.67678
7742569.34117,7742479.94595,7742459.98777,7742651.80048,7742734.25979,7742440.02958,7742420.07140,7742816.71910,7742879.64431,7742400.11322,7742380.15504,7742859.90563,7742840.16694,7742360.19686,7742340.23868,7742820.42826,7742800.68958,7742320.28050,7742300.32232,7742780.95089,7742761.21221,7742280.36414,7742260.40595,7742741.47353,7742721.73485,7742240.44777,7742220.48959,7742701.99616
753187.96063,753152.64869,753088.64789,753164.41568,753140.87073,753024.64709,752960.64629,753117.32578,753093.78083,752904.36165,752880.72999,753070.23589,753046.69094,752857.09834,752833.46669,753023.14599,752999.60104,752809.83504,752786.20338,752976.05609,752952.51114,752762.57173,752738.94008,752928.96620,752905.42125,752715.30843,752691.67678,752881.87630
7742479.94595,7742569.34117,7742651.80048,7742459.98777,7742440.02958,7742734.25979,7742816.71910,7742420.07140,7742400.11322,7742879.64431,7742859.90563,7742380.15504,7742360.19686,7742840.16694,7742820.42826,7742340.23868,7742320.28050,7742800.68958,7742780.95089,7742300.32232,7742280.36414,7742761.21221,7742741.47353,7742260.40595,7742240.44777,7742721.73485,7742701.99616,7742220.48959
752691.67678,752881.87630,752905.42125,752715.30843,752738.94008,752928.96620,752952.51114,752762.57173,752786.20338,752976.05609,752999.60104,752809.83504,752833.46669,753023.14599,753046.69094,752857.09834,752880.72999,753070.23589,753093.78083,752904.36165,752960.64629,753117.32578,753140.87073,753024.64709,753088.64789,753164.41568,753187.96063,753152.64869
7742701.99616,7742220.48959,7742240.44777,7742721.73485,7742741.47353,7742260.40595,7742280.36414,7742761.21221,7742780.95089,7742300.32232,7742320.28050,7742800.68958,7742820.42826,7742340.23868,7742360.19686,7742840.16694,7742859.90563,7742380.15504,7742400.11322,7742879.64431,7742816.71910,7742420.07140,7742440.02958,7742734.25979,7742651.80048,7742459.98777,7742479.94595,7742569.34117
752881.87630,752691.67678,752715.30843,752905.42125,752928.96620,752738.94008,752762.57173,752952.51114,752976.05609,752786.20338,752809.83504,752999.60104,753023.14599,752833.46669,752857.09834,753046.69094,753070.23589,752880.72999,752904.36165,753093.78083,753117.32578,752960.64629,753024.64709,753140.87073,753164.41568,753088.64789,753152.64869,753187.96063
7742220.48959,7742701.99616,7742721.73485,7742240.44777,7742260.40595,7742741.47353,7742761.21221,7742280.36414,7742300.32232,7742780.95089,7742800.68958,7742320.28050,7742340.23868,7742820.42826,7742840.16694,7742360.19686,7742380.15504,7742859.90563,7742879.64431,7742400.11322,7742420.07140,7742816.71910,7742734.25979,7742440.02958,7742459.98777,7742651.80048,7742569.34117,7742479.94595
750939.82485,751070.82792,751098.56946,750966.71368,750993.60250,751126.31101,751154.05255,751020.49133,751047.38015,751181.79409,751209.53564,751074.26898,751101.15780,751237.27718,751265.01872,751128.04663,751154.93545,751292.76027,751320.50181,751181.82428
7742508.27707,7742105.98823,7742115.20092,7742520.10831,7742531.93956,7742124.41360,7742133.62628,7742543.77080,7742555.60204,7742142.83897,7742152.05165,7742567.43328,7742579.26452,7742161.26433,7742170.47702,7742591.09577,7742602.92701,7742179.68970,7742188.90238,7742614.75825
751070.82792,750939.82485,750966.71368,751098.56946,751126.31101,750993.60250,751020.49133,751154.05255,751181.79409,751047.38015,751074.26898,751209.53564,751237.27718,751101.15780,751128.04663,751265.01872,751292.76027,751154.93545,751181.82428,751320.50181
7742105.98823,7742508.27707,7742520.10831,7742115.20092,7742124.41360,7742531.93956,7742543.77080,7742133.62628,7742142.83897,7742555.60204,7742567.43328,7742152.05165,7742161.26433,7742579.26452,7742591.09577,7742170.47702,7742179.68970,7742602.92701,7742614.75825,7742188.90238
751181.82428,751320.50181,751292.76027,751154.93545,751128.04663,751265.01872,751237.27718,751101.15780,751074.26898,751209.53564,751181.79409,751047.38015,751020.49133,751154.05255,751126.31101,750993.60250,750966.71368,751098.56946,751070.82792,750939.82485
7742614.75825,7742188.90238,7742179.68970,7742602.92701,7742591.09577,7742170.47702,7742161.26433,7742579.26452,7742567.43328,7742152.05165,7742142.83897,7742555.60204,7742543.77080,7742133.62628,7742124.41360,7742531.93956,7742520.10831,7742115.20092,7742105.98823,7742508.27707
751320.50181,751181.82428,751154.93545,751292.76027,751265.01872,751128.04663,751101.15780,751237.27718,751209.53564,751074.26898,751047.38015,751181.79409,751154.05255,751020.49133,750993.60250,751126.31101,751098.56946,750966.71368,750939.82485,751070.82792
7742188.90238,7742614.75825,7742602.92701,7742179.68970,7742170.47702,7742591.09577,7742579.26452,7742161.26433,7742152.05165,7742567.43328,7742555.60204,7742142.83897,7742133.62628,7742543.77080,7742531.93956,7742124.41360,7742115.20092,7742520.10831,7742508.27707,7742105.98823
750849.93426,750847.93038,750869.79819,750880.89474,750911.85522,750891.66599,750913.53380,750942.81569,750973.77617,750935.40160,750957.26941,751004.73665,751035.69713,750979.13722,751001.00502,751066.65761,751097.61808,751022.87283,751044.74064,751128.57856,751159.53904,751066.60844
7743675.40230,7743658.10799,7743592.87479,7743688.64256,7743701.88282,7743527.64160,7743462.40840,7743715.12308,7743728.36335,7743397.17520,7743331.94200,7743741.60361,7743754.84387,7743266.70880,7743201.47560,7743768.08413,7743781.32439,7743136.24240,7743071.00920,7743794.56466,7743807.80492,7743005.77600
750847.93038,750849.93426,750880.89474,750869.79819,750891.66599,750911.85522,750942.81569,750913.53380,750935.40160,750973.77617,751004.73665,750957.26941,750979.13722,751035.69713,751066.65761,751001.00502,751022.87283,751097.61808,751128.57856,751044.74064,751066.60844,751159.53904
7743658.10799,7743675.40230,7743688.64256,7743592.87479,7743527.64160,7743701.88282,7743715.12308,7743462.40840,7743397.17520,7743728.36335,7743741.60361,7743331.94200,7743266.70880,7743754.84387,7743768.08413,7743201.47560,7743136.24240,7743781.32439,7743794.56466,7743071.00920,7743005.77600,7743807.80492
751066.60844,751159.53904,751128.57856,751044.74064,751022.87283,751097.61808,751066.65761,751001.00502,750979.13722,751035.69713,751004.73665,750957.26941,750935.40160,750973.77617,750942.81569,750913.53380,750891.66599,750911.85522,750880.89474,750869.79819,750847.93038,750849.93426
7743005.77600,7743807.80492,7743794.56466,7743071.00920,7743136.24240,7743781.32439,7743768.08413,7743201.47560,7743266.70880,7743754.84387,7743741.60361,7743331.94200,7743397.17520,7743728.36335,7743715.12308,7743462.40840,7743527.64160,7743701.88282,7743688.64256,7743592.87479,7743658.10799,7743675.40230
751159.53904,751066.60844,751044.74064,751128.57856,751097.61808,751022.87283,751001.00502,751066.65761,751035.69713,750979.13722,750957.26941,751004.73665,750973.77617,750935.40160,750913.53380,750942.81569,750911.85522,750891.66599,750869.79819,750880.89474,750849.93426,750847.93038
7743807.80492,7743005.77600,7743071.00920,7743794.56466,7743781.32439,7743136.24240,7743201.47560,7743768.08413,7743754.84387,7743266.70880,7743331.94200,7743741.60361,7743728.36335,7743397.17520,7743462.40840,7743715.12308,7743701.88282,7743527.64160,7743592.87479,7743688.64256,7743675.40230,7743658.10799
