882444.79632
7436157.58492
882078.34293,882032.23361,882021.57405,882211.02698,882343.71104,882010.91448,882000.25492,882476.39510,882609.07916,881989.59536,881978.93580,882728.47282,882722.35121,881968.27624,881957.61668,882716.22960,882710.10799,881946.95712,881936.29756,882703.98639,882697.86478,881925.63800,881914.97843,882691.74317,882685.62156,881904.31887,881893.65931,882675.56966,882659.23425,881882.99975,881872.34019,882642.89883,882626.56342,881861.68063,881851.02107,882610.22800,882587.90610,881840.36151,881829.70195,882550.43080,882512.95549,881819.04239,881890.77394,882475.48018,882387.88344,881979.13597,882067.49799,882285.32290
7435843.10482,7435832.86453,7435800.55421,7435842.62930,7435842.15377,7435768.24390,7435735.93358,7435841.67825,7435841.20272,7435703.62326,7435671.31295,7435837.77557,7435806.47307,7435639.00263,7435606.69231,7435775.17058,7435743.86808,7435574.38200,7435542.07168,7435712.56559,7435681.26309,7435509.76136,7435477.45105,7435649.96060,7435618.65810,7435445.14073,7435412.83041,7435586.48274,7435552.91189,7435380.52010,7435348.20978,7435519.34104,7435485.77018,7435315.89946,7435283.58915,7435452.19933,7435417.29896,7435251.27883,7435218.96851,7435379.03321,7435340.76745,7435186.65820,7435172.64590,7435302.50170,7435253.10462,7435162.32701,7435152.00813,7435200.38426
882032.23361,882078.34293,882211.02698,882021.57405,882010.91448,882343.71104,882476.39510,882000.25492,881989.59536,882609.07916,882728.47282,881978.93580,881968.27624,882722.35121,882716.22960,881957.61668,881946.95712,882710.10799,882703.98639,881936.29756,881925.63800,882697.86478,882691.74317,881914.97843,881904.31887,882685.62156,882675.56966,881893.65931,881882.99975,882659.23425,882642.89883,881872.34019,881861.68063,882626.56342,882610.22800,881851.02107,881840.36151,882587.90610,882550.43080,881829.70195,881819.04239,882512.95549,882475.48018,881890.77394,881979.13597,882387.88344,882285.32290,882067.49799
7435832.86453,7435843.10482,7435842.62930,7435800.55421,7435768.24390,7435842.15377,7435841.67825,7435735.93358,7435703.62326,7435841.20272,7435837.77557,7435671.31295,7435639.00263,7435806.47307,7435775.17058,7435606.69231,7435574.38200,7435743.86808,7435712.56559,7435542.07168,7435509.76136,7435681.26309,7435649.96060,7435477.45105,7435445.14073,7435618.65810,7435586.48274,7435412.83041,7435380.52010,7435552.91189,7435519.34104,7435348.20978,7435315.89946,7435485.77018,7435452.19933,7435283.58915,7435251.27883,7435417.29896,7435379.03321,7435218.96851,7435186.65820,7435340.76745,7435302.50170,7435172.64590,7435162.32701,7435253.10462,7435200.38426,7435152.00813
882285.32290,882067.49799,881979.13597,882387.88344,882475.48018,881890.77394,881819.04239,882512.95549,882550.43080,881829.70195,881840.36151,882587.90610,882610.22800,881851.02107,881861.68063,882626.56342,882642.89883,881872.34019,881882.99975,882659.23425,882675.56966,881893.65931,881904.31887,882685.62156,882691.74317,881914.97843,881925.63800,882697.86478,882703.98639,881936.29756,881946.95712,882710.10799,882716.22960,881957.61668,881968.27624,882722.35121,882728.47282,881978.93580,881989.59536,882609.07916,882476.39510,882000.25492,882010.91448,882343.71104,882211.02698,882021.57405,882032.23361,882078.34293
7435200.38426,7435152.00813,7435162.32701,7435253.10462,7435302.50170,7435172.64590,7435186.65820,7435340.76745,7435379.03321,7435218.96851,7435251.27883,7435417.29896,7435452.19933,7435283.58915,7435315.89946,7435485.77018,7435519.34104,7435348.20978,7435380.52010,7435552.91189,7435586.48274,7435412.83041,7435445.14073,7435618.65810,7435649.96060,7435477.45105,7435509.76136,7435681.26309,7435712.56559,7435542.07168,7435574.38200,7435743.86808,7435775.17058,7435606.69231,7435639.00263,7435806.47307,7435837.77557,7435671.31295,7435703.62326,7435841.20272,7435841.67825,7435735.93358,7435768.24390,7435842.15377,7435842.62930,7435800.55421,7435832.86453,7435843.10482
882067.49799,882285.32290,882387.88344,881979.13597,881890.77394,882475.48018,882512.95549,881819.04239,881829.70195,882550.43080,882587.90610,881840.36151,881851.02107,882610.22800,882626.56342,881861.68063,881872.34019,882642.89883,882659.23425,881882.99975,881893.65931,882675.56966,882685.62156,881904.31887,881914.97843,882691.74317,882697.86478,881925.63800,881936.29756,882703.98639,882710.10799,881946.95712,881957.61668,882716.22960,882722.35121,881968.27624,881978.93580,882728.47282,882609.07916,881989.59536,882000.25492,882476.39510,882343.71104,882010.91448,882021.57405,882211.02698,882078.34293,882032.23361
7435152.00813,7435200.38426,7435253.10462,7435162.32701,7435172.64590,7435302.50170,7435340.76745,7435186.65820,7435218.96851,7435379.03321,7435417.29896,7435251.27883,7435283.58915,7435452.19933,7435485.77018,7435315.89946,7435348.20978,7435519.34104,7435552.91189,7435380.52010,7435412.83041,7435586.48274,7435618.65810,7435445.14073,7435477.45105,7435649.96060,7435681.26309,7435509.76136,7435542.07168,7435712.56559,7435743.86808,7435574.38200,7435606.69231,7435775.17058,7435806.47307,7435639.00263,7435671.31295,7435837.77557,7435841.20272,7435703.62326,7435735.93358,7435841.67825,7435842.15377,7435768.24390,7435800.55421,7435842.62930,7435843.10482,7435832.86453
881437.19093,881335.86527,881335.97083,881483.29976,881525.87991,881336.07638,881340.50401,881568.46006,881611.04021,881356.32642,881372.14882,881653.62036,881694.63790,881387.97123,881403.79364,881728.46392,881762.28994,881419.61605,881440.35509,881796.11597,881829.94199,881462.94440,881485.53372,881863.76801,881897.59403,881508.12303,881530.71234,881931.42006,881965.24608,881553.30166,881576.49261,881999.07210,882028.33142,881603.16216,881629.83171,882056.27138,882084.21134,881656.50126,881683.17081,882112.15130,882140.09126,881709.84036,881736.50992,882168.03122,882195.97118,881763.17947,881789.84902,882223.91114,882043.92136,881816.51857
7436270.96601,7435963.83665,7435870.85760,7436317.42799,7436353.19418,7435777.87855,7435698.00019,7436388.96037,7436424.72656,7435652.66068,7435607.32117,7436460.49275,7436491.52248,7435561.98166,7435516.64215,7436500.75393,7436509.98538,7435471.30264,7435440.86598,7436519.21682,7436528.44827,7435416.03771,7435391.20945,7436537.67972,7436546.91117,7435366.38118,7435341.55291,7436556.14262,7436565.37407,7435316.72464,7435293.72001,7436574.60551,7436569.99477,7435281.25940,7435268.79878,7436561.38491,7436552.77505,7435256.33817,7435243.87755,7436544.16519,7436535.55533,7435231.41694,7435218.95633,7436526.94546,7436518.33560,7435206.49571,7435194.03510,7436509.72574,7435870.85767,7435181.57449
881335.86527,881437.19093,881483.29976,881335.97083,881336.07638,881525.87991,881568.46006,881340.50401,881356.32642,881611.04021,881653.62036,881372.14882,881387.97123,881694.63790,881728.46392,881403.79364,881419.61605,881762.28994,881796.11597,881440.35509,881462.94440,881829.94199,881863.76801,881485.53372,881508.12303,881897.59403,881931.42006,881530.71234,881553.30166,881965.24608,881999.07210,881576.49261,881603.16216,882028.33142,882056.27138,881629.83171,881656.50126,882084.21134,882112.15130,881683.17081,881709.84036,882140.09126,882168.03122,881736.50992,881763.17947,882195.97118,882223.91114,881789.84902,881816.51857,882043.92136
7435963.83665,7436270.96601,7436317.42799,7435870.85760,7435777.87855,7436353.19418,7436388.96037,7435698.00019,7435652.66068,7436424.72656,7436460.49275,7435607.32117,7435561.98166,7436491.52248,7436500.75393,7435516.64215,7435471.30264,7436509.98538,7436519.21682,7435440.86598,7435416.03771,7436528.44827,7436537.67972,7435391.20945,7435366.38118,7436546.91117,7436556.14262,7435341.55291,7435316.72464,7436565.37407,7436574.60551,7435293.72001,7435281.25940,7436569.99477,7436561.38491,7435268.79878,7435256.33817,7436552.77505,7436544.16519,7435243.87755,7435231.41694,7436535.55533,7436526.94546,7435218.95633,7435206.49571,7436518.33560,7436509.72574,7435194.03510,7435181.57449,7435870.85767
881816.51857,882043.92136,882223.91114,881789.84902,881763.17947,882195.97118,882168.03122,881736.50992,881709.84036,882140.09126,882112.15130,881683.17081,881656.50126,882084.21134,882056.27138,881629.83171,881603.16216,882028.33142,881999.07210,881576.49261,881553.30166,881965.24608,881931.42006,881530.71234,881508.12303,881897.59403,881863.76801,881485.53372,881462.94440,881829.94199,881796.11597,881440.35509,881419.61605,881762.28994,881728.46392,881403.79364,881387.97123,881694.63790,881653.62036,881372.14882,881356.32642,881611.04021,881568.46006,881340.50401,881336.07638,881525.87991,881483.29976,881335.97083,881335.86527,881437.19093
7435181.57449,7435870.85767,7436509.72574,7435194.03510,7435206.49571,7436518.33560,7436526.94546,7435218.95633,7435231.41694,7436535.55533,7436544.16519,7435243.87755,7435256.33817,7436552.77505,7436561.38491,7435268.79878,7435281.25940,7436569.99477,7436574.60551,7435293.72001,7435316.72464,7436565.37407,7436556.14262,7435341.55291,7435366.38118,7436546.91117,7436537.67972,7435391.20945,7435416.03771,7436528.44827,7436519.21682,7435440.86598,7435471.30264,7436509.98538,7436500.75393,7435516.64215,7435561.98166,7436491.52248,7436460.49275,7435607.32117,7435652.66068,7436424.72656,7436388.96037,7435698.00019,7435777.87855,7436353.19418,7436317.42799,7435870.85760,7435963.83665,7436270.96601
882043.92136,881816.51857,881789.84902,882223.91114,882195.97118,881763.17947,881736.50992,882168.03122,882140.09126,881709.84036,881683.17081,882112.15130,882084.21134,881656.50126,881629.83171,882056.27138,882028.33142,881603.16216,881576.49261,881999.07210,881965.24608,881553.30166,881530.71234,881931.42006,881897.59403,881508.12303,881485.53372,881863.76801,881829.94199,881462.94440,881440.35509,881796.11597,881762.28994,881419.61605,881403.79364,881728.46392,881694.63790,881387.97123,881372.14882,881653.62036,881611.04021,881356.32642,881340.50401,881568.46006,881525.87991,881336.07638,881335.97083,881483.29976,881437.19093,881335.86527
7435870.85767,7435181.57449,7435194.03510,7436509.72574,7436518.33560,7435206.49571,7435218.95633,7436526.94546,7436535.55533,7435231.41694,7435243.87755,7436544.16519,7436552.77505,7435256.33817,7435268.79878,7436561.38491,7436569.99477,7435281.25940,7435293.72001,7436574.60551,7436565.37407,7435316.72464,7435341.55291,7436556.14262,7436546.91117,7435366.38118,7435391.20945,7436537.67972,7436528.44827,7435416.03771,7435440.86598,7436519.21682,7436509.98538,7435471.30264,7435516.64215,7436500.75393,7436491.52248,7435561.98166,7435607.32117,7436460.49275,7436424.72656,7435652.66068,7435698.00019,7436388.96037,7436353.19418,7435777.87855,7435870.85760,7436317.42799,7436270.96601,7435963.83665
