


1
[(790261.8858921453, 7553096.558590006), (790171.6399637596, 7552740.206758494), (790304.9134490609, 7552667.034380766), (790427.3157367058, 7552836.882300473), (790261.8858921453, 7553096.558590006)]
56.9893232908
14
MULTIPOINT (790398.6408563134 7552797.092449513, 790414.0078616089 7552857.771757486, 790392.4314934213 7552891.640321212, 790352.1496041357 7552732.580236393, 790305.6583519583 7552668.068023273, 790370.8551252339 7552925.508884937, 790349.2787570462 7552959.377448662, 790278.8649084375 7552681.336052621, 790252.3922108335 7552695.870603316, 790327.7023888587 7552993.246012388, 790306.1260206711 7553027.114576112, 790225.9195132294 7552710.405154013, 790199.4468156262 7552724.939704709, 790284.5496524845 7553060.983139836, 790262.9732842969 7553094.851703562, 790172.9741180221 7552739.474255404)
2426.33240688
MULTIPOINT (790414.0078616089 7552857.771757486, 790398.6408563134 7552797.092449513, 790352.1496041357 7552732.580236393, 790392.4314934213 7552891.640321212, 790370.8551252339 7552925.508884937, 790305.6583519583 7552668.068023273, 790278.8649084375 7552681.336052621, 790349.2787570462 7552959.377448662, 790327.7023888587 7552993.246012388, 790252.3922108335 7552695.870603316, 790225.9195132294 7552710.405154013, 790306.1260206711 7553027.114576112, 790284.5496524845 7553060.983139836, 790199.4468156262 7552724.939704709, 790172.9741180221 7552739.474255404, 790262.9732842969 7553094.851703562)
2416.07362488
MULTIPOINT (790172.9741180221 7552739.474255404, 790262.9732842969 7553094.851703562, 790284.5496524845 7553060.983139836, 790199.4468156262 7552724.939704709, 790225.9195132294 7552710.405154013, 790306.1260206711 7553027.114576112, 790327.7023888587 7552993.246012388, 790252.3922108335 7552695.870603316, 790278.8649084375 7552681.336052621, 790349.2787570462 7552959.377448662, 790370.8551252339 7552925.508884937, 790305.6583519583 7552668.068023273, 790352.1496041357 7552732.580236393, 790392.4314934213 7552891.640321212, 790414.0078616089 7552857.771757486, 790398.6408563134 7552797.092449513)
2426.33240688
MULTIPOINT (790262.9732842969 7553094.851703562, 790172.9741180221 7552739.474255404, 790199.4468156262 7552724.939704709, 790284.5496524845 7553060.983139836, 790306.1260206711 7553027.114576112, 790225.9195132294 7552710.405154013, 790252.3922108335 7552695.870603316, 790327.7023888587 7552993.246012388, 790349.2787570462 7552959.377448662, 790278.8649084375 7552681.336052621, 790305.6583519583 7552668.068023273, 790370.8551252339 7552925.508884937, 790392.4314934213 7552891.640321212, 790352.1496041357 7552732.580236393, 790398.6408563134 7552797.092449513, 790414.0078616089 7552857.771757486)
2416.07362488



2
[(790427.3157367058, 7552836.882300473), (790631.0460241404, 7552764.107965449), (790627.2882768508, 7552979.308973759), (790261.8858921453, 7553096.558590006), (790427.3157367058, 7552836.882300473)]
59.5296226878
12
MULTIPOINT (790627.3748702741 7552974.34988775, 790491.6427774767 7553022.834641388, 790280.6012919934 7553067.180906659, 790627.9202740099 7552943.115367481, 790628.4656777458 7552911.880847215, 790306.2011009668 7553026.99672209, 790331.8009099404 7552986.812537521, 790629.0110814815 7552880.646326947, 790629.5564852173 7552849.411806677, 790357.4007189154 7552946.62835295, 790383.0005278897 7552906.44416838, 790630.1018889531 7552818.17728641, 790630.647292689 7552786.942766142, 790408.6003368631 7552866.259983812)
2362.59394834
MULTIPOINT (790491.6427774767 7553022.834641388, 790627.3748702741 7552974.34988775, 790627.9202740099 7552943.115367481, 790280.6012919934 7553067.180906659, 790306.2011009668 7553026.99672209, 790628.4656777458 7552911.880847215, 790629.0110814815 7552880.646326947, 790331.8009099404 7552986.812537521, 790357.4007189154 7552946.62835295, 790629.5564852173 7552849.411806677, 790630.1018889531 7552818.17728641, 790383.0005278897 7552906.44416838, 790408.6003368631 7552866.259983812, 790630.647292689 7552786.942766142)
2194.58930202
MULTIPOINT (790408.6003368631 7552866.259983812, 790630.647292689 7552786.942766142, 790630.1018889531 7552818.17728641, 790383.0005278897 7552906.44416838, 790357.4007189154 7552946.62835295, 790629.5564852173 7552849.411806677, 790629.0110814815 7552880.646326947, 790331.8009099404 7552986.812537521, 790306.2011009668 7553026.99672209, 790628.4656777458 7552911.880847215, 790627.9202740099 7552943.115367481, 790280.6012919934 7553067.180906659, 790491.6427774767 7553022.834641388, 790627.3748702741 7552974.34988775)
2362.59394834
MULTIPOINT (790630.647292689 7552786.942766142, 790408.6003368631 7552866.259983812, 790383.0005278897 7552906.44416838, 790630.1018889531 7552818.17728641, 790629.5564852173 7552849.411806677, 790357.4007189154 7552946.62835295, 790331.8009099404 7552986.812537521, 790629.0110814815 7552880.646326947, 790628.4656777458 7552911.880847215, 790306.2011009668 7553026.99672209, 790280.6012919934 7553067.180906659, 790627.9202740099 7552943.115367481, 790627.3748702741 7552974.34988775, 790491.6427774767 7553022.834641388)
2194.58930202
