


1
[(810185.1178002248, 7542371.1799773965), (811300.7074267729, 7542751.743249202), (811260.1877572874, 7543173.568318618), (809575.2385475223, 7542614.226566611), (810185.1178002248, 7542371.1799773965)]
618.328028902
28
MULTIPOINT (810172.4378002323 7542376.233159212, 811195.3804276221 7542715.812843923, 811297.9302278258 7542780.654939587, 810130.2746748936 7542393.03583574, 810088.1115495533 7542409.838512268, 811295.0631342484 7542810.502467038, 811292.1960406712 7542840.349994489, 810045.9484242132 7542426.641188797, 810003.7852988731 7542443.443865325, 811289.3289470938 7542870.19752194, 811286.4618535165 7542900.045049391, 809961.622173533 7542460.246541853, 809919.4590481954 7542477.049218381, 811283.5947599394 7542929.89257684, 811280.7276663622 7542959.740104291, 809877.2959228551 7542493.85189491, 809835.1327975154 7542510.654571437, 811277.8605727848 7542989.587631742, 811274.9934792075 7543019.435159191, 809792.9696721748 7542527.457247966, 809750.8065468363 7542544.259924494, 811272.1263856303 7543049.282686642, 811269.2592920531 7543079.130214092, 809708.6434214956 7542561.062601022, 809666.480296156 7542577.86527755, 811266.3921984757 7543108.977741544, 811263.5251048985 7543138.825268994, 809624.3171708152 7542594.667954079, 809582.1540454782 7542611.470630607, 811260.6580113213 7543168.672796443)
22688.9834879
MULTIPOINT (811195.3804276221 7542715.812843923, 810172.4378002323 7542376.233159212, 810130.2746748936 7542393.03583574, 811297.9302278258 7542780.654939587, 811295.0631342484 7542810.502467038, 810088.1115495533 7542409.838512268, 810045.9484242132 7542426.641188797, 811292.1960406712 7542840.349994489, 811289.3289470938 7542870.19752194, 810003.7852988731 7542443.443865325, 809961.622173533 7542460.246541853, 811286.4618535165 7542900.045049391, 811283.5947599394 7542929.89257684, 809919.4590481954 7542477.049218381, 809877.2959228551 7542493.85189491, 811280.7276663622 7542959.740104291, 811277.8605727848 7542989.587631742, 809835.1327975154 7542510.654571437, 809792.9696721748 7542527.457247966, 811274.9934792075 7543019.435159191, 811272.1263856303 7543049.282686642, 809750.8065468363 7542544.259924494, 809708.6434214956 7542561.062601022, 811269.2592920531 7543079.130214092, 811266.3921984757 7543108.977741544, 809666.480296156 7542577.86527755, 809624.3171708152 7542594.667954079, 811263.5251048985 7543138.825268994, 811260.6580113213 7543168.672796443, 809582.1540454782 7542611.470630607)
22597.638444
MULTIPOINT (811260.6580113213 7543168.672796443, 809582.1540454782 7542611.470630607, 809624.3171708152 7542594.667954079, 811263.5251048985 7543138.825268994, 811266.3921984757 7543108.977741544, 809666.480296156 7542577.86527755, 809708.6434214956 7542561.062601022, 811269.2592920531 7543079.130214092, 811272.1263856303 7543049.282686642, 809750.8065468363 7542544.259924494, 809792.9696721748 7542527.457247966, 811274.9934792075 7543019.435159191, 811277.8605727848 7542989.587631742, 809835.1327975154 7542510.654571437, 809877.2959228551 7542493.85189491, 811280.7276663622 7542959.740104291, 811283.5947599394 7542929.89257684, 809919.4590481954 7542477.049218381, 809961.622173533 7542460.246541853, 811286.4618535165 7542900.045049391, 811289.3289470938 7542870.19752194, 810003.7852988731 7542443.443865325, 810045.9484242132 7542426.641188797, 811292.1960406712 7542840.349994489, 811295.0631342484 7542810.502467038, 810088.1115495533 7542409.838512268, 810130.2746748936 7542393.03583574, 811297.9302278258 7542780.654939587, 811195.3804276221 7542715.812843923, 810172.4378002323 7542376.233159212)
22688.9834879
MULTIPOINT (809582.1540454782 7542611.470630607, 811260.6580113213 7543168.672796443, 811263.5251048985 7543138.825268994, 809624.3171708152 7542594.667954079, 809666.480296156 7542577.86527755, 811266.3921984757 7543108.977741544, 811269.2592920531 7543079.130214092, 809708.6434214956 7542561.062601022, 809750.8065468363 7542544.259924494, 811272.1263856303 7543049.282686642, 811274.9934792075 7543019.435159191, 809792.9696721748 7542527.457247966, 809835.1327975154 7542510.654571437, 811277.8605727848 7542989.587631742, 811280.7276663622 7542959.740104291, 809877.2959228551 7542493.85189491, 809919.4590481954 7542477.049218381, 811283.5947599394 7542929.89257684, 811286.4618535165 7542900.045049391, 809961.622173533 7542460.246541853, 810003.7852988731 7542443.443865325, 811289.3289470938 7542870.19752194, 811292.1960406712 7542840.349994489, 810045.9484242132 7542426.641188797, 810088.1115495533 7542409.838512268, 811295.0631342484 7542810.502467038, 811297.9302278258 7542780.654939587, 810130.2746748936 7542393.03583574, 810172.4378002323 7542376.233159212, 811195.3804276221 7542715.812843923)
22597.638444



2
[(809575.2385475223, 7542614.226566611), (809779.8827958019, 7541226.5645941235), (810052.1417035048, 7541284.947091326), (810175.8368211326, 7541829.767266312), (810185.1178002248, 7542371.1799773965), (809575.2385475223, 7542614.226566611)]
573.227453523
36
MULTIPOINT (810167.2097523332 7542378.316619511, 810183.3625615094 7542268.786841709, 810180.285722167 7542089.297165737, 810135.8179047083 7542390.826770431, 810104.4260570855 7542403.33692135, 810177.2088828248 7541909.807489777, 810165.9123315417 7541786.054448383, 810073.0342094605 7542415.847072271, 810041.6423618365 7542428.35722319, 810148.0002829994 7541707.160102282, 810130.0882344571 7541628.265756181, 810010.2505142128 7542440.86737411, 809978.8586665888 7542453.37752503, 810112.1761859148 7541549.371410078, 810094.2641373724 7541470.477063977, 809947.4668189647 7542465.887675949, 809916.0749713398 7542478.39782687, 810076.3520888295 7541391.582717873, 810058.4400402872 7541312.688371772, 809884.6831237159 7542490.90797779, 809853.2912760919 7542503.418128709, 810033.5715012316 7541280.964945098, 810004.9303250572 7541274.823205231, 809821.899428468 7542515.928279629, 809790.5075808441 7542528.438430549, 809976.2891488828 7541268.681465362, 809947.6479727075 7541262.539725494, 809759.1157332191 7542540.948581469, 809727.7238855951 7542553.458732389, 809919.006796533 7541256.397985626, 809890.3656203585 7541250.256245757, 809696.3320379711 7542565.968883309, 809664.9401903473 7542578.479034228, 809861.7244441842 7541244.11450589, 809833.0832680097 7541237.972766021, 809633.5483427233 7542590.989185148, 809602.1564950984 7542603.499336069, 809804.4420918344 7541231.831026154)
20078.4583902
MULTIPOINT (810183.3625615094 7542268.786841709, 810167.2097523332 7542378.316619511, 810135.8179047083 7542390.826770431, 810180.285722167 7542089.297165737, 810177.2088828248 7541909.807489777, 810104.4260570855 7542403.33692135, 810073.0342094605 7542415.847072271, 810165.9123315417 7541786.054448383, 810148.0002829994 7541707.160102282, 810041.6423618365 7542428.35722319, 810010.2505142128 7542440.86737411, 810130.0882344571 7541628.265756181, 810112.1761859148 7541549.371410078, 809978.8586665888 7542453.37752503, 809947.4668189647 7542465.887675949, 810094.2641373724 7541470.477063977, 810076.3520888295 7541391.582717873, 809916.0749713398 7542478.39782687, 809884.6831237159 7542490.90797779, 810058.4400402872 7541312.688371772, 810033.5715012316 7541280.964945098, 809853.2912760919 7542503.418128709, 809821.899428468 7542515.928279629, 810004.9303250572 7541274.823205231, 809976.2891488828 7541268.681465362, 809790.5075808441 7542528.438430549, 809759.1157332191 7542540.948581469, 809947.6479727075 7541262.539725494, 809919.006796533 7541256.397985626, 809727.7238855951 7542553.458732389, 809696.3320379711 7542565.968883309, 809890.3656203585 7541250.256245757, 809861.7244441842 7541244.11450589, 809664.9401903473 7542578.479034228, 809633.5483427233 7542590.989185148, 809833.0832680097 7541237.972766021, 809804.4420918344 7541231.831026154, 809602.1564950984 7542603.499336069)
19994.4998832
MULTIPOINT (809804.4420918344 7541231.831026154, 809602.1564950984 7542603.499336069, 809633.5483427233 7542590.989185148, 809833.0832680097 7541237.972766021, 809861.7244441842 7541244.11450589, 809664.9401903473 7542578.479034228, 809696.3320379711 7542565.968883309, 809890.3656203585 7541250.256245757, 809919.006796533 7541256.397985626, 809727.7238855951 7542553.458732389, 809759.1157332191 7542540.948581469, 809947.6479727075 7541262.539725494, 809976.2891488828 7541268.681465362, 809790.5075808441 7542528.438430549, 809821.899428468 7542515.928279629, 810004.9303250572 7541274.823205231, 810033.5715012316 7541280.964945098, 809853.2912760919 7542503.418128709, 809884.6831237159 7542490.90797779, 810058.4400402872 7541312.688371772, 810076.3520888295 7541391.582717873, 809916.0749713398 7542478.39782687, 809947.4668189647 7542465.887675949, 810094.2641373724 7541470.477063977, 810112.1761859148 7541549.371410078, 809978.8586665888 7542453.37752503, 810010.2505142128 7542440.86737411, 810130.0882344571 7541628.265756181, 810148.0002829994 7541707.160102282, 810041.6423618365 7542428.35722319, 810073.0342094605 7542415.847072271, 810165.9123315417 7541786.054448383, 810177.2088828248 7541909.807489777, 810104.4260570855 7542403.33692135, 810135.8179047083 7542390.826770431, 810180.285722167 7542089.297165737, 810183.3625615094 7542268.786841709, 810167.2097523332 7542378.316619511)
20078.4583902
MULTIPOINT (809602.1564950984 7542603.499336069, 809804.4420918344 7541231.831026154, 809833.0832680097 7541237.972766021, 809633.5483427233 7542590.989185148, 809664.9401903473 7542578.479034228, 809861.7244441842 7541244.11450589, 809890.3656203585 7541250.256245757, 809696.3320379711 7542565.968883309, 809727.7238855951 7542553.458732389, 809919.006796533 7541256.397985626, 809947.6479727075 7541262.539725494, 809759.1157332191 7542540.948581469, 809790.5075808441 7542528.438430549, 809976.2891488828 7541268.681465362, 810004.9303250572 7541274.823205231, 809821.899428468 7542515.928279629, 809853.2912760919 7542503.418128709, 810033.5715012316 7541280.964945098, 810058.4400402872 7541312.688371772, 809884.6831237159 7542490.90797779, 809916.0749713398 7542478.39782687, 810076.3520888295 7541391.582717873, 810094.2641373724 7541470.477063977, 809947.4668189647 7542465.887675949, 809978.8586665888 7542453.37752503, 810112.1761859148 7541549.371410078, 810130.0882344571 7541628.265756181, 810010.2505142128 7542440.86737411, 810041.6423618365 7542428.35722319, 810148.0002829994 7541707.160102282, 810165.9123315417 7541786.054448383, 810073.0342094605 7542415.847072271, 810104.4260570855 7542403.33692135, 810177.2088828248 7541909.807489777, 810180.285722167 7542089.297165737, 810135.8179047083 7542390.826770431, 810167.2097523332 7542378.316619511, 810183.3625615094 7542268.786841709)
19994.4998832
