


1
[(881817.2521344413, 7435181.231747296), (882076.4253270968, 7435150.9655966405), (882274.9610647633, 7435195.057854241), (882466.864191297, 7435293.7039843425), (882598.5185177266, 7435428.135213957), (882681.8555551792, 7435599.400855798), (882729.0589549678, 7435840.772727866), (882035.6624660157, 7435843.257785147), (881817.2521344413, 7435181.231747296)]
447.112098218
46
MULTIPOINT (882078.3429258404 7435843.104823041, 882032.2336067249 7435832.864530789, 882021.5740456393 7435800.554214057, 882211.0269849089 7435842.629297866, 882343.7110439771 7435842.153772689, 882010.9144845536 7435768.243897323, 882000.254923468 7435735.933580591, 882476.3951030455 7435841.678247514, 882609.07916211 7435841.202722339, 881989.5953623825 7435703.62326386, 881978.9358012968 7435671.312947128, 882728.4728216386 7435837.775568772, 882722.3512127245 7435806.473073394, 881968.2762402112 7435639.002630396, 881957.6166791255 7435606.692313663, 882716.2296038101 7435775.170578016, 882710.1079948961 7435743.86808264, 881946.9571180402 7435574.381996932, 881936.2975569547 7435542.0716802, 882703.9863859821 7435712.565587264, 882697.8647770679 7435681.263091886, 881925.637995869 7435509.761363467, 881914.9784347834 7435477.451046735, 882691.7431681538 7435649.960596508, 882685.6215592396 7435618.658101131, 881904.3188736978 7435445.140730003, 881893.6593126128 7435412.830413273, 882675.5696615389 7435586.482738695, 882659.2342466733 7435552.91188716, 881882.9997515272 7435380.52009654, 881872.3401904412 7435348.209779807, 882642.8988318077 7435519.341035625, 882626.5634169416 7435485.770184088, 881861.6806293556 7435315.899463075, 881851.02106827 7435283.589146343, 882610.2280020763 7435452.199332554, 882587.9061042732 7435417.298959438, 881840.3615071843 7435251.278829611, 881829.7019460987 7435218.968512879, 882550.430795059 7435379.033206732, 882512.9554858446 7435340.767454025, 881819.0423850131 7435186.658196147, 881890.7739437205 7435172.645897296, 882475.4801766304 7435302.50170132, 882387.8834431379 7435253.104618927, 881979.1359664378 7435162.327012599, 882067.4979891594 7435152.0081279, 882285.3228990436 7435200.384264868)
16544.8554085
MULTIPOINT (882032.2336067249 7435832.864530789, 882078.3429258404 7435843.104823041, 882211.0269849089 7435842.629297866, 882021.5740456393 7435800.554214057, 882010.9144845536 7435768.243897323, 882343.7110439771 7435842.153772689, 882476.3951030455 7435841.678247514, 882000.254923468 7435735.933580591, 881989.5953623825 7435703.62326386, 882609.07916211 7435841.202722339, 882728.4728216386 7435837.775568772, 881978.9358012968 7435671.312947128, 881968.2762402112 7435639.002630396, 882722.3512127245 7435806.473073394, 882716.2296038101 7435775.170578016, 881957.6166791255 7435606.692313663, 881946.9571180402 7435574.381996932, 882710.1079948961 7435743.86808264, 882703.9863859821 7435712.565587264, 881936.2975569547 7435542.0716802, 881925.637995869 7435509.761363467, 882697.8647770679 7435681.263091886, 882691.7431681538 7435649.960596508, 881914.9784347834 7435477.451046735, 881904.3188736978 7435445.140730003, 882685.6215592396 7435618.658101131, 882675.5696615389 7435586.482738695, 881893.6593126128 7435412.830413273, 881882.9997515272 7435380.52009654, 882659.2342466733 7435552.91188716, 882642.8988318077 7435519.341035625, 881872.3401904412 7435348.209779807, 881861.6806293556 7435315.899463075, 882626.5634169416 7435485.770184088, 882610.2280020763 7435452.199332554, 881851.02106827 7435283.589146343, 881840.3615071843 7435251.278829611, 882587.9061042732 7435417.298959438, 882550.430795059 7435379.033206732, 881829.7019460987 7435218.968512879, 881819.0423850131 7435186.658196147, 882512.9554858446 7435340.767454025, 882475.4801766304 7435302.50170132, 881890.7739437205 7435172.645897296, 881979.1359664378 7435162.327012599, 882387.8834431379 7435253.104618927, 882285.3228990436 7435200.384264868, 882067.4979891594 7435152.0081279)
16619.9087382
MULTIPOINT (882285.3228990436 7435200.384264868, 882067.4979891594 7435152.0081279, 881979.1359664378 7435162.327012599, 882387.8834431379 7435253.104618927, 882475.4801766304 7435302.50170132, 881890.7739437205 7435172.645897296, 881819.0423850131 7435186.658196147, 882512.9554858446 7435340.767454025, 882550.430795059 7435379.033206732, 881829.7019460987 7435218.968512879, 881840.3615071843 7435251.278829611, 882587.9061042732 7435417.298959438, 882610.2280020763 7435452.199332554, 881851.02106827 7435283.589146343, 881861.6806293556 7435315.899463075, 882626.5634169416 7435485.770184088, 882642.8988318077 7435519.341035625, 881872.3401904412 7435348.209779807, 881882.9997515272 7435380.52009654, 882659.2342466733 7435552.91188716, 882675.5696615389 7435586.482738695, 881893.6593126128 7435412.830413273, 881904.3188736978 7435445.140730003, 882685.6215592396 7435618.658101131, 882691.7431681538 7435649.960596508, 881914.9784347834 7435477.451046735, 881925.637995869 7435509.761363467, 882697.8647770679 7435681.263091886, 882703.9863859821 7435712.565587264, 881936.2975569547 7435542.0716802, 881946.9571180402 7435574.381996932, 882710.1079948961 7435743.86808264, 882716.2296038101 7435775.170578016, 881957.6166791255 7435606.692313663, 881968.2762402112 7435639.002630396, 882722.3512127245 7435806.473073394, 882728.4728216386 7435837.775568772, 881978.9358012968 7435671.312947128, 881989.5953623825 7435703.62326386, 882609.07916211 7435841.202722339, 882476.3951030455 7435841.678247514, 882000.254923468 7435735.933580591, 882010.9144845536 7435768.243897323, 882343.7110439771 7435842.153772689, 882211.0269849089 7435842.629297866, 882021.5740456393 7435800.554214057, 882032.2336067249 7435832.864530789, 882078.3429258404 7435843.104823041)
16544.8554085
MULTIPOINT (882067.4979891594 7435152.0081279, 882285.3228990436 7435200.384264868, 882387.8834431379 7435253.104618927, 881979.1359664378 7435162.327012599, 881890.7739437205 7435172.645897296, 882475.4801766304 7435302.50170132, 882512.9554858446 7435340.767454025, 881819.0423850131 7435186.658196147, 881829.7019460987 7435218.968512879, 882550.430795059 7435379.033206732, 882587.9061042732 7435417.298959438, 881840.3615071843 7435251.278829611, 881851.02106827 7435283.589146343, 882610.2280020763 7435452.199332554, 882626.5634169416 7435485.770184088, 881861.6806293556 7435315.899463075, 881872.3401904412 7435348.209779807, 882642.8988318077 7435519.341035625, 882659.2342466733 7435552.91188716, 881882.9997515272 7435380.52009654, 881893.6593126128 7435412.830413273, 882675.5696615389 7435586.482738695, 882685.6215592396 7435618.658101131, 881904.3188736978 7435445.140730003, 881914.9784347834 7435477.451046735, 882691.7431681538 7435649.960596508, 882697.8647770679 7435681.263091886, 881925.637995869 7435509.761363467, 881936.2975569547 7435542.0716802, 882703.9863859821 7435712.565587264, 882710.1079948961 7435743.86808264, 881946.9571180402 7435574.381996932, 881957.6166791255 7435606.692313663, 882716.2296038101 7435775.170578016, 882722.3512127245 7435806.473073394, 881968.2762402112 7435639.002630396, 881978.9358012968 7435671.312947128, 882728.4728216386 7435837.775568772, 882609.07916211 7435841.202722339, 881989.5953623825 7435703.62326386, 882000.254923468 7435735.933580591, 882476.3951030455 7435841.678247514, 882343.7110439771 7435842.153772689, 882010.9144845536 7435768.243897323, 882021.5740456393 7435800.554214057, 882211.0269849089 7435842.629297866, 882078.3429258404 7435843.104823041, 882032.2336067249 7435832.864530789)
16619.9087382



2
[(882035.6624660157, 7435843.257785147), (882234.1498825534, 7436506.570616731), (882006.6541767587, 7436576.674735058), (881688.5999478046, 7436489.874664543), (881442.9944723109, 7436283.572632978), (881335.7667193655, 7436050.6492790235), (881336.1529053489, 7435710.468385796), (881423.942372973, 7435458.90545182), (881572.5601344127, 7435295.557350274), (881817.2521344413, 7435181.231747296), (882035.6624660157, 7435843.257785147)]
792.959475774
48
MULTIPOINT (881437.1909319479 7436270.966007836, 881335.8652722866 7435963.836649464, 881335.9708255562 7435870.857600238, 881483.2997551044 7436317.427992702, 881525.8799068293 7436353.194181495, 881336.0763788259 7435777.87855101, 881340.5040073589 7435698.00019323, 881568.4600585528 7436388.960370288, 881611.0402102777 7436424.726559081, 881356.3264158703 7435652.660682518, 881372.1488243818 7435607.321171806, 881653.6203620029 7436460.492747875, 881694.6378998426 7436491.522479963, 881387.9712328938 7435561.981661093, 881403.7936414046 7435516.642150383, 881728.4639223306 7436500.753928156, 881762.2899448205 7436509.98537635, 881419.616049916 7435471.302639672, 881440.3550879523 7435440.865980581, 881796.1159673097 7436519.216824543, 881829.9419897988 7436528.448272736, 881462.9444016987 7435416.037713219, 881485.5337154442 7435391.209445859, 881863.7680122872 7436537.67972093, 881897.5940347767 7436546.911169123, 881508.1230291902 7435366.381178498, 881530.7123429365 7435341.552911136, 881931.4200572659 7436556.142617317, 881965.246079755 7436565.37406551, 881553.3016566829 7435316.724643775, 881576.4926089498 7435293.72000977, 881999.0721022447 7436574.605513703, 882028.3314187466 7436569.994767487, 881603.1621599812 7435281.259396009, 881629.831711013 7435268.798782247, 882056.2713794444 7436561.384906901, 882084.2113401425 7436552.775046315, 881656.5012620448 7435256.338168486, 881683.1708130763 7435243.877554725, 882112.1513008405 7436544.165185729, 882140.0912615375 7436535.555325143, 881709.840364107 7435231.416940964, 881736.5099151391 7435218.956327202, 882168.0312222355 7436526.945464557, 882195.9711829335 7436518.335603971, 881763.1794661706 7435206.495713441, 881789.8490172022 7435194.03509968, 882223.9111436317 7436509.725743385, 882043.9213582448 7435870.857666721, 881816.5185682331 7435181.574485919)
28950.4170319
MULTIPOINT (881335.8652722866 7435963.836649464, 881437.1909319479 7436270.966007836, 881483.2997551044 7436317.427992702, 881335.9708255562 7435870.857600238, 881336.0763788259 7435777.87855101, 881525.8799068293 7436353.194181495, 881568.4600585528 7436388.960370288, 881340.5040073589 7435698.00019323, 881356.3264158703 7435652.660682518, 881611.0402102777 7436424.726559081, 881653.6203620029 7436460.492747875, 881372.1488243818 7435607.321171806, 881387.9712328938 7435561.981661093, 881694.6378998426 7436491.522479963, 881728.4639223306 7436500.753928156, 881403.7936414046 7435516.642150383, 881419.616049916 7435471.302639672, 881762.2899448205 7436509.98537635, 881796.1159673097 7436519.216824543, 881440.3550879523 7435440.865980581, 881462.9444016987 7435416.037713219, 881829.9419897988 7436528.448272736, 881863.7680122872 7436537.67972093, 881485.5337154442 7435391.209445859, 881508.1230291902 7435366.381178498, 881897.5940347767 7436546.911169123, 881931.4200572659 7436556.142617317, 881530.7123429365 7435341.552911136, 881553.3016566829 7435316.724643775, 881965.246079755 7436565.37406551, 881999.0721022447 7436574.605513703, 881576.4926089498 7435293.72000977, 881603.1621599812 7435281.259396009, 882028.3314187466 7436569.994767487, 882056.2713794444 7436561.384906901, 881629.831711013 7435268.798782247, 881656.5012620448 7435256.338168486, 882084.2113401425 7436552.775046315, 882112.1513008405 7436544.165185729, 881683.1708130763 7435243.877554725, 881709.840364107 7435231.416940964, 882140.0912615375 7436535.555325143, 882168.0312222355 7436526.945464557, 881736.5099151391 7435218.956327202, 881763.1794661706 7435206.495713441, 882195.9711829335 7436518.335603971, 882223.9111436317 7436509.725743385, 881789.8490172022 7435194.03509968, 881816.5185682331 7435181.574485919, 882043.9213582448 7435870.857666721)
28296.9108355
MULTIPOINT (881816.5185682331 7435181.574485919, 882043.9213582448 7435870.857666721, 882223.9111436317 7436509.725743385, 881789.8490172022 7435194.03509968, 881763.1794661706 7435206.495713441, 882195.9711829335 7436518.335603971, 882168.0312222355 7436526.945464557, 881736.5099151391 7435218.956327202, 881709.840364107 7435231.416940964, 882140.0912615375 7436535.555325143, 882112.1513008405 7436544.165185729, 881683.1708130763 7435243.877554725, 881656.5012620448 7435256.338168486, 882084.2113401425 7436552.775046315, 882056.2713794444 7436561.384906901, 881629.831711013 7435268.798782247, 881603.1621599812 7435281.259396009, 882028.3314187466 7436569.994767487, 881999.0721022447 7436574.605513703, 881576.4926089498 7435293.72000977, 881553.3016566829 7435316.724643775, 881965.246079755 7436565.37406551, 881931.4200572659 7436556.142617317, 881530.7123429365 7435341.552911136, 881508.1230291902 7435366.381178498, 881897.5940347767 7436546.911169123, 881863.7680122872 7436537.67972093, 881485.5337154442 7435391.209445859, 881462.9444016987 7435416.037713219, 881829.9419897988 7436528.448272736, 881796.1159673097 7436519.216824543, 881440.3550879523 7435440.865980581, 881419.616049916 7435471.302639672, 881762.2899448205 7436509.98537635, 881728.4639223306 7436500.753928156, 881403.7936414046 7435516.642150383, 881387.9712328938 7435561.981661093, 881694.6378998426 7436491.522479963, 881653.6203620029 7436460.492747875, 881372.1488243818 7435607.321171806, 881356.3264158703 7435652.660682518, 881611.0402102777 7436424.726559081, 881568.4600585528 7436388.960370288, 881340.5040073589 7435698.00019323, 881336.0763788259 7435777.87855101, 881525.8799068293 7436353.194181495, 881483.2997551044 7436317.427992702, 881335.9708255562 7435870.857600238, 881335.8652722866 7435963.836649464, 881437.1909319479 7436270.966007836)
28950.4170319
MULTIPOINT (882043.9213582448 7435870.857666721, 881816.5185682331 7435181.574485919, 881789.8490172022 7435194.03509968, 882223.9111436317 7436509.725743385, 882195.9711829335 7436518.335603971, 881763.1794661706 7435206.495713441, 881736.5099151391 7435218.956327202, 882168.0312222355 7436526.945464557, 882140.0912615375 7436535.555325143, 881709.840364107 7435231.416940964, 881683.1708130763 7435243.877554725, 882112.1513008405 7436544.165185729, 882084.2113401425 7436552.775046315, 881656.5012620448 7435256.338168486, 881629.831711013 7435268.798782247, 882056.2713794444 7436561.384906901, 882028.3314187466 7436569.994767487, 881603.1621599812 7435281.259396009, 881576.4926089498 7435293.72000977, 881999.0721022447 7436574.605513703, 881965.246079755 7436565.37406551, 881553.3016566829 7435316.724643775, 881530.7123429365 7435341.552911136, 881931.4200572659 7436556.142617317, 881897.5940347767 7436546.911169123, 881508.1230291902 7435366.381178498, 881485.5337154442 7435391.209445859, 881863.7680122872 7436537.67972093, 881829.9419897988 7436528.448272736, 881462.9444016987 7435416.037713219, 881440.3550879523 7435440.865980581, 881796.1159673097 7436519.216824543, 881762.2899448205 7436509.98537635, 881419.616049916 7435471.302639672, 881403.7936414046 7435516.642150383, 881728.4639223306 7436500.753928156, 881694.6378998426 7436491.522479963, 881387.9712328938 7435561.981661093, 881372.1488243818 7435607.321171806, 881653.6203620029 7436460.492747875, 881611.0402102777 7436424.726559081, 881356.3264158703 7435652.660682518, 881340.5040073589 7435698.00019323, 881568.4600585528 7436388.960370288, 881525.8799068293 7436353.194181495, 881336.0763788259 7435777.87855101, 881335.9708255562 7435870.857600238, 881483.2997551044 7436317.427992702, 881437.1909319479 7436270.966007836, 881335.8652722866 7435963.836649464)
28296.9108355
