808922.23673
7543004.03351
810172.43780,811195.38043,811297.93023,810130.27467,810088.11155,811295.06313,811292.19604,810045.94842,810003.78530,811289.32895,811286.46185,809961.62217,809919.45905,811283.59476,811280.72767,809877.29592,809835.13280,811277.86057,811274.99348,809792.96967,809750.80655,811272.12639,811269.25929,809708.64342,809666.48030,811266.39220,811263.52510,809624.31717,809582.15405,811260.65801
7542376.23316,7542715.81284,7542780.65494,7542393.03584,7542409.83851,7542810.50247,7542840.34999,7542426.64119,7542443.44387,7542870.19752,7542900.04505,7542460.24654,7542477.04922,7542929.89258,7542959.74010,7542493.85189,7542510.65457,7542989.58763,7543019.43516,7542527.45725,7542544.25992,7543049.28269,7543079.13021,7542561.06260,7542577.86528,7543108.97774,7543138.82527,7542594.66795,7542611.47063,7543168.67280
811195.38043,810172.43780,810130.27467,811297.93023,811295.06313,810088.11155,810045.94842,811292.19604,811289.32895,810003.78530,809961.62217,811286.46185,811283.59476,809919.45905,809877.29592,811280.72767,811277.86057,809835.13280,809792.96967,811274.99348,811272.12639,809750.80655,809708.64342,811269.25929,811266.39220,809666.48030,809624.31717,811263.52510,811260.65801,809582.15405
7542715.81284,7542376.23316,7542393.03584,7542780.65494,7542810.50247,7542409.83851,7542426.64119,7542840.34999,7542870.19752,7542443.44387,7542460.24654,7542900.04505,7542929.89258,7542477.04922,7542493.85189,7542959.74010,7542989.58763,7542510.65457,7542527.45725,7543019.43516,7543049.28269,7542544.25992,7542561.06260,7543079.13021,7543108.97774,7542577.86528,7542594.66795,7543138.82527,7543168.67280,7542611.47063
811260.65801,809582.15405,809624.31717,811263.52510,811266.39220,809666.48030,809708.64342,811269.25929,811272.12639,809750.80655,809792.96967,811274.99348,811277.86057,809835.13280,809877.29592,811280.72767,811283.59476,809919.45905,809961.62217,811286.46185,811289.32895,810003.78530,810045.94842,811292.19604,811295.06313,810088.11155,810130.27467,811297.93023,811195.38043,810172.43780
7543168.67280,7542611.47063,7542594.66795,7543138.82527,7543108.97774,7542577.86528,7542561.06260,7543079.13021,7543049.28269,7542544.25992,7542527.45725,7543019.43516,7542989.58763,7542510.65457,7542493.85189,7542959.74010,7542929.89258,7542477.04922,7542460.24654,7542900.04505,7542870.19752,7542443.44387,7542426.64119,7542840.34999,7542810.50247,7542409.83851,7542393.03584,7542780.65494,7542715.81284,7542376.23316
809582.15405,811260.65801,811263.52510,809624.31717,809666.48030,811266.39220,811269.25929,809708.64342,809750.80655,811272.12639,811274.99348,809792.96967,809835.13280,811277.86057,811280.72767,809877.29592,809919.45905,811283.59476,811286.46185,809961.62217,810003.78530,811289.32895,811292.19604,810045.94842,810088.11155,811295.06313,811297.93023,810130.27467,810172.43780,811195.38043
7542611.47063,7543168.67280,7543138.82527,7542594.66795,7542577.86528,7543108.97774,7543079.13021,7542561.06260,7542544.25992,7543049.28269,7543019.43516,7542527.45725,7542510.65457,7542989.58763,7542959.74010,7542493.85189,7542477.04922,7542929.89258,7542900.04505,7542460.24654,7542443.44387,7542870.19752,7542840.34999,7542426.64119,7542409.83851,7542810.50247,7542780.65494,7542393.03584,7542376.23316,7542715.81284
810167.20975,810183.36256,810180.28572,810135.81790,810104.42606,810177.20888,810165.91233,810073.03421,810041.64236,810148.00028,810130.08823,810010.25051,809978.85867,810112.17619,810094.26414,809947.46682,809916.07497,810076.35209,810058.44004,809884.68312,809853.29128,810033.57150,810004.93033,809821.89943,809790.50758,809976.28915,809947.64797,809759.11573,809727.72389,809919.00680,809890.36562,809696.33204,809664.94019,809861.72444,809833.08327,809633.54834,809602.15650,809804.44209
7542378.31662,7542268.78684,7542089.29717,7542390.82677,7542403.33692,7541909.80749,7541786.05445,7542415.84707,7542428.35722,7541707.16010,7541628.26576,7542440.86737,7542453.37753,7541549.37141,7541470.47706,7542465.88768,7542478.39783,7541391.58272,7541312.68837,7542490.90798,7542503.41813,7541280.96495,7541274.82321,7542515.92828,7542528.43843,7541268.68147,7541262.53973,7542540.94858,7542553.45873,7541256.39799,7541250.25625,7542565.96888,7542578.47903,7541244.11451,7541237.97277,7542590.98919,7542603.49934,7541231.83103
810183.36256,810167.20975,810135.81790,810180.28572,810177.20888,810104.42606,810073.03421,810165.91233,810148.00028,810041.64236,810010.25051,810130.08823,810112.17619,809978.85867,809947.46682,810094.26414,810076.35209,809916.07497,809884.68312,810058.44004,810033.57150,809853.29128,809821.89943,810004.93033,809976.28915,809790.50758,809759.11573,809947.64797,809919.00680,809727.72389,809696.33204,809890.36562,809861.72444,809664.94019,809633.54834,809833.08327,809804.44209,809602.15650
7542268.78684,7542378.31662,7542390.82677,7542089.29717,7541909.80749,7542403.33692,7542415.84707,7541786.05445,7541707.16010,7542428.35722,7542440.86737,7541628.26576,7541549.37141,7542453.37753,7542465.88768,7541470.47706,7541391.58272,7542478.39783,7542490.90798,7541312.68837,7541280.96495,7542503.41813,7542515.92828,7541274.82321,7541268.68147,7542528.43843,7542540.94858,7541262.53973,7541256.39799,7542553.45873,7542565.96888,7541250.25625,7541244.11451,7542578.47903,7542590.98919,7541237.97277,7541231.83103,7542603.49934
809804.44209,809602.15650,809633.54834,809833.08327,809861.72444,809664.94019,809696.33204,809890.36562,809919.00680,809727.72389,809759.11573,809947.64797,809976.28915,809790.50758,809821.89943,810004.93033,810033.57150,809853.29128,809884.68312,810058.44004,810076.35209,809916.07497,809947.46682,810094.26414,810112.17619,809978.85867,810010.25051,810130.08823,810148.00028,810041.64236,810073.03421,810165.91233,810177.20888,810104.42606,810135.81790,810180.28572,810183.36256,810167.20975
7541231.83103,7542603.49934,7542590.98919,7541237.97277,7541244.11451,7542578.47903,7542565.96888,7541250.25625,7541256.39799,7542553.45873,7542540.94858,7541262.53973,7541268.68147,7542528.43843,7542515.92828,7541274.82321,7541280.96495,7542503.41813,7542490.90798,7541312.68837,7541391.58272,7542478.39783,7542465.88768,7541470.47706,7541549.37141,7542453.37753,7542440.86737,7541628.26576,7541707.16010,7542428.35722,7542415.84707,7541786.05445,7541909.80749,7542403.33692,7542390.82677,7542089.29717,7542268.78684,7542378.31662
809602.15650,809804.44209,809833.08327,809633.54834,809664.94019,809861.72444,809890.36562,809696.33204,809727.72389,809919.00680,809947.64797,809759.11573,809790.50758,809976.28915,810004.93033,809821.89943,809853.29128,810033.57150,810058.44004,809884.68312,809916.07497,810076.35209,810094.26414,809947.46682,809978.85867,810112.17619,810130.08823,810010.25051,810041.64236,810148.00028,810165.91233,810073.03421,810104.42606,810177.20888,810180.28572,810135.81790,810167.20975,810183.36256
7542603.49934,7541231.83103,7541237.97277,7542590.98919,7542578.47903,7541244.11451,7541250.25625,7542565.96888,7542553.45873,7541256.39799,7541262.53973,7542540.94858,7542528.43843,7541268.68147,7541274.82321,7542515.92828,7542503.41813,7541280.96495,7541312.68837,7542490.90798,7542478.39783,7541391.58272,7541470.47706,7542465.88768,7542453.37753,7541549.37141,7541628.26576,7542440.86737,7542428.35722,7541707.16010,7541786.05445,7542415.84707,7542403.33692,7541909.80749,7542089.29717,7542390.82677,7542378.31662,7542268.78684
