


1
[(807662.2514197847, 7464918.708838796), (807945.7423235865, 7464897.346587831), (808177.9371299364, 7464980.993700746), (808369.7981492435, 7465148.441750064), (808451.3945313523, 7465430.77494795), (807869.557198335, 7465458.507180635), (807662.2514197847, 7464918.708838796)]
301.958182266
36
MULTIPOINT (807866.7601123934 7465451.223918375, 807884.9420778522 7465457.773887953, 807961.1102764037 7465454.143467411, 807852.9121653147 7465415.16559466, 807839.0642182351 7465379.107270942, 808037.2784749602 7465450.51304687, 808113.4466735139 7465446.882626329, 807825.2162711562 7465343.048947227, 807811.3683240769 7465306.99062351, 808189.6148720699 7465443.252205787, 808265.7830706215 7465439.621785246, 807797.5203769981 7465270.932299796, 807783.6724299185 7465234.873976078, 808341.9512691781 7465435.991364704, 808418.119467731 7465432.360944163, 807769.8244828397 7465198.815652362, 807755.97653576 7465162.757328645, 808445.7502757604 7465411.245151533, 808435.7273949138 7465376.564790365, 807742.1285886812 7465126.69900493, 807728.280641602 7465090.640681214, 808425.7045140669 7465341.884429198, 808415.6816332202 7465307.20406803, 807714.4326945231 7465054.582357498, 807700.5847474434 7465018.52403378, 808405.658752373 7465272.523706861, 808395.6358715261 7465237.843345693, 807686.7368003647 7464982.465710065, 807672.8888532855 7464946.407386349, 808385.6129906793 7465203.162984526, 808375.5901098325 7465168.482623358, 807678.7877114502 7464917.462758559, 807750.1138984617 7464912.088025589, 808344.2078635327 7465126.107648852, 808283.5855003407 7465073.199056486, 807821.4400854699 7464906.71329262, 807892.7662724779 7464901.33855965, 808222.96313715 7465020.290464121)
11208.7824304
MULTIPOINT (807884.9420778522 7465457.773887953, 807866.7601123934 7465451.223918375, 807852.9121653147 7465415.16559466, 807961.1102764037 7465454.143467411, 808037.2784749602 7465450.51304687, 807839.0642182351 7465379.107270942, 807825.2162711562 7465343.048947227, 808113.4466735139 7465446.882626329, 808189.6148720699 7465443.252205787, 807811.3683240769 7465306.99062351, 807797.5203769981 7465270.932299796, 808265.7830706215 7465439.621785246, 808341.9512691781 7465435.991364704, 807783.6724299185 7465234.873976078, 807769.8244828397 7465198.815652362, 808418.119467731 7465432.360944163, 808445.7502757604 7465411.245151533, 807755.97653576 7465162.757328645, 807742.1285886812 7465126.69900493, 808435.7273949138 7465376.564790365, 808425.7045140669 7465341.884429198, 807728.280641602 7465090.640681214, 807714.4326945231 7465054.582357498, 808415.6816332202 7465307.20406803, 808405.658752373 7465272.523706861, 807700.5847474434 7465018.52403378, 807686.7368003647 7464982.465710065, 808395.6358715261 7465237.843345693, 808385.6129906793 7465203.162984526, 807672.8888532855 7464946.407386349, 807678.7877114502 7464917.462758559, 808375.5901098325 7465168.482623358, 808344.2078635327 7465126.107648852, 807750.1138984617 7464912.088025589, 807821.4400854699 7464906.71329262, 808283.5855003407 7465073.199056486, 808222.96313715 7465020.290464121, 807892.7662724779 7464901.33855965)
11141.9451304
MULTIPOINT (808222.96313715 7465020.290464121, 807892.7662724779 7464901.33855965, 807821.4400854699 7464906.71329262, 808283.5855003407 7465073.199056486, 808344.2078635327 7465126.107648852, 807750.1138984617 7464912.088025589, 807678.7877114502 7464917.462758559, 808375.5901098325 7465168.482623358, 808385.6129906793 7465203.162984526, 807672.8888532855 7464946.407386349, 807686.7368003647 7464982.465710065, 808395.6358715261 7465237.843345693, 808405.658752373 7465272.523706861, 807700.5847474434 7465018.52403378, 807714.4326945231 7465054.582357498, 808415.6816332202 7465307.20406803, 808425.7045140669 7465341.884429198, 807728.280641602 7465090.640681214, 807742.1285886812 7465126.69900493, 808435.7273949138 7465376.564790365, 808445.7502757604 7465411.245151533, 807755.97653576 7465162.757328645, 807769.8244828397 7465198.815652362, 808418.119467731 7465432.360944163, 808341.9512691781 7465435.991364704, 807783.6724299185 7465234.873976078, 807797.5203769981 7465270.932299796, 808265.7830706215 7465439.621785246, 808189.6148720699 7465443.252205787, 807811.3683240769 7465306.99062351, 807825.2162711562 7465343.048947227, 808113.4466735139 7465446.882626329, 808037.2784749602 7465450.51304687, 807839.0642182351 7465379.107270942, 807852.9121653147 7465415.16559466, 807961.1102764037 7465454.143467411, 807884.9420778522 7465457.773887953, 807866.7601123934 7465451.223918375)
11208.7824304
MULTIPOINT (807892.7662724779 7464901.33855965, 808222.96313715 7465020.290464121, 808283.5855003407 7465073.199056486, 807821.4400854699 7464906.71329262, 807750.1138984617 7464912.088025589, 808344.2078635327 7465126.107648852, 808375.5901098325 7465168.482623358, 807678.7877114502 7464917.462758559, 807672.8888532855 7464946.407386349, 808385.6129906793 7465203.162984526, 808395.6358715261 7465237.843345693, 807686.7368003647 7464982.465710065, 807700.5847474434 7465018.52403378, 808405.658752373 7465272.523706861, 808415.6816332202 7465307.20406803, 807714.4326945231 7465054.582357498, 807728.280641602 7465090.640681214, 808425.7045140669 7465341.884429198, 808435.7273949138 7465376.564790365, 807742.1285886812 7465126.69900493, 807755.97653576 7465162.757328645, 808445.7502757604 7465411.245151533, 808418.119467731 7465432.360944163, 807769.8244828397 7465198.815652362, 807783.6724299185 7465234.873976078, 808341.9512691781 7465435.991364704, 808265.7830706215 7465439.621785246, 807797.5203769981 7465270.932299796, 807811.3683240769 7465306.99062351, 808189.6148720699 7465443.252205787, 808113.4466735139 7465446.882626329, 807825.2162711562 7465343.048947227, 807839.0642182351 7465379.107270942, 808037.2784749602 7465450.51304687, 807961.1102764037 7465454.143467411, 807852.9121653147 7465415.16559466, 807866.7601123934 7465451.223918375, 807884.9420778522 7465457.773887953)
11141.9451304



2
[(807869.557198335, 7465458.507180635), (808048.5327969552, 7465999.098476864), (807832.4707076196, 7466055.71531144), (807667.9705582093, 7466008.608833185), (807504.8346445591, 7465914.246499402), (807353.3509818604, 7465747.637735711), (807294.2222435081, 7465508.4873633105), (807321.9530265668, 7465267.049206084), (807461.2474361367, 7465045.87831245), (807662.2514197847, 7464918.708838796), (807869.557198335, 7465458.507180635)]
513.102541469
38
MULTIPOINT (807383.7938937199 7465781.120263251, 807296.2571916742 7465516.717855374, 807301.9752895022 7465440.985441935, 807432.2175149138 7465834.378809531, 807480.6411361088 7465887.637355813, 807309.9060438744 7465371.93630196, 807317.8367982464 7465302.887161987, 807523.8912151105 7465925.269347964, 807561.9755675624 7465947.298392934, 807331.6601119998 7465251.636349484, 807351.8420452704 7465219.591587383, 807600.0599200128 7465969.327437903, 807638.1442724635 7465991.356482872, 807372.0239785411 7465187.546825281, 807392.2059118125 7465155.502063178, 807675.3464728715 7466010.721009769, 807709.3625378455 7466020.461894691, 807412.3878450831 7465123.457301077, 807432.5697783537 7465091.412538976, 807743.3786028196 7466030.202779613, 807777.3946677949 7466039.943664535, 807452.7517116253 7465059.367776874, 807475.9890296756 7465036.551727687, 807811.4107327689 7466049.684549456, 807843.2622582564 7466052.887497272, 807501.4475734379 7465020.444834921, 807526.9061171997 7465004.337942154, 807871.5953498075 7466045.463103838, 807899.9284413586 7466038.038710405, 807552.3646609614 7464988.231049389, 807577.823204724 7464972.124156622, 807928.2615329105 7466030.614316971, 807956.5946244615 7466023.189923537, 807603.2817484858 7464956.017263856, 807628.7402922482 7464939.910371089, 807984.9277160137 7466015.765530103, 808013.2608075647 7466008.34113667, 807654.1988360098 7464923.803478323, 807814.8835484738 7465316.143828568, 808041.5938991157 7466000.916743236)
18878.6808653
MULTIPOINT (807296.2571916742 7465516.717855374, 807383.7938937199 7465781.120263251, 807432.2175149138 7465834.378809531, 807301.9752895022 7465440.985441935, 807309.9060438744 7465371.93630196, 807480.6411361088 7465887.637355813, 807523.8912151105 7465925.269347964, 807317.8367982464 7465302.887161987, 807331.6601119998 7465251.636349484, 807561.9755675624 7465947.298392934, 807600.0599200128 7465969.327437903, 807351.8420452704 7465219.591587383, 807372.0239785411 7465187.546825281, 807638.1442724635 7465991.356482872, 807675.3464728715 7466010.721009769, 807392.2059118125 7465155.502063178, 807412.3878450831 7465123.457301077, 807709.3625378455 7466020.461894691, 807743.3786028196 7466030.202779613, 807432.5697783537 7465091.412538976, 807452.7517116253 7465059.367776874, 807777.3946677949 7466039.943664535, 807811.4107327689 7466049.684549456, 807475.9890296756 7465036.551727687, 807501.4475734379 7465020.444834921, 807843.2622582564 7466052.887497272, 807871.5953498075 7466045.463103838, 807526.9061171997 7465004.337942154, 807552.3646609614 7464988.231049389, 807899.9284413586 7466038.038710405, 807928.2615329105 7466030.614316971, 807577.823204724 7464972.124156622, 807603.2817484858 7464956.017263856, 807956.5946244615 7466023.189923537, 807984.9277160137 7466015.765530103, 807628.7402922482 7464939.910371089, 807654.1988360098 7464923.803478323, 808013.2608075647 7466008.34113667, 808041.5938991157 7466000.916743236, 807814.8835484738 7465316.143828568)
18481.9564353
MULTIPOINT (808041.5938991157 7466000.916743236, 807814.8835484738 7465316.143828568, 807654.1988360098 7464923.803478323, 808013.2608075647 7466008.34113667, 807984.9277160137 7466015.765530103, 807628.7402922482 7464939.910371089, 807603.2817484858 7464956.017263856, 807956.5946244615 7466023.189923537, 807928.2615329105 7466030.614316971, 807577.823204724 7464972.124156622, 807552.3646609614 7464988.231049389, 807899.9284413586 7466038.038710405, 807871.5953498075 7466045.463103838, 807526.9061171997 7465004.337942154, 807501.4475734379 7465020.444834921, 807843.2622582564 7466052.887497272, 807811.4107327689 7466049.684549456, 807475.9890296756 7465036.551727687, 807452.7517116253 7465059.367776874, 807777.3946677949 7466039.943664535, 807743.3786028196 7466030.202779613, 807432.5697783537 7465091.412538976, 807412.3878450831 7465123.457301077, 807709.3625378455 7466020.461894691, 807675.3464728715 7466010.721009769, 807392.2059118125 7465155.502063178, 807372.0239785411 7465187.546825281, 807638.1442724635 7465991.356482872, 807600.0599200128 7465969.327437903, 807351.8420452704 7465219.591587383, 807331.6601119998 7465251.636349484, 807561.9755675624 7465947.298392934, 807523.8912151105 7465925.269347964, 807317.8367982464 7465302.887161987, 807309.9060438744 7465371.93630196, 807480.6411361088 7465887.637355813, 807432.2175149138 7465834.378809531, 807301.9752895022 7465440.985441935, 807296.2571916742 7465516.717855374, 807383.7938937199 7465781.120263251)
18878.6808653
MULTIPOINT (807814.8835484738 7465316.143828568, 808041.5938991157 7466000.916743236, 808013.2608075647 7466008.34113667, 807654.1988360098 7464923.803478323, 807628.7402922482 7464939.910371089, 807984.9277160137 7466015.765530103, 807956.5946244615 7466023.189923537, 807603.2817484858 7464956.017263856, 807577.823204724 7464972.124156622, 807928.2615329105 7466030.614316971, 807899.9284413586 7466038.038710405, 807552.3646609614 7464988.231049389, 807526.9061171997 7465004.337942154, 807871.5953498075 7466045.463103838, 807843.2622582564 7466052.887497272, 807501.4475734379 7465020.444834921, 807475.9890296756 7465036.551727687, 807811.4107327689 7466049.684549456, 807777.3946677949 7466039.943664535, 807452.7517116253 7465059.367776874, 807432.5697783537 7465091.412538976, 807743.3786028196 7466030.202779613, 807709.3625378455 7466020.461894691, 807412.3878450831 7465123.457301077, 807392.2059118125 7465155.502063178, 807675.3464728715 7466010.721009769, 807638.1442724635 7465991.356482872, 807372.0239785411 7465187.546825281, 807351.8420452704 7465219.591587383, 807600.0599200128 7465969.327437903, 807561.9755675624 7465947.298392934, 807331.6601119998 7465251.636349484, 807317.8367982464 7465302.887161987, 807523.8912151105 7465925.269347964, 807480.6411361088 7465887.637355813, 807309.9060438744 7465371.93630196, 807301.9752895022 7465440.985441935, 807432.2175149138 7465834.378809531, 807383.7938937199 7465781.120263251, 807296.2571916742 7465516.717855374)
18481.9564353
