807654.42478
7466199.61811
807866.76011,807884.94208,807961.11028,807852.91217,807839.06422,808037.27847,808113.44667,807825.21627,807811.36832,808189.61487,808265.78307,807797.52038,807783.67243,808341.95127,808418.11947,807769.82448,807755.97654,808445.75028,808435.72739,807742.12859,807728.28064,808425.70451,808415.68163,807714.43269,807700.58475,808405.65875,808395.63587,807686.73680,807672.88885,808385.61299,808375.59011,807678.78771,807750.11390,808344.20786,808283.58550,807821.44009,807892.76627,808222.96314
7465451.22392,7465457.77389,7465454.14347,7465415.16559,7465379.10727,7465450.51305,7465446.88263,7465343.04895,7465306.99062,7465443.25221,7465439.62179,7465270.93230,7465234.87398,7465435.99136,7465432.36094,7465198.81565,7465162.75733,7465411.24515,7465376.56479,7465126.69900,7465090.64068,7465341.88443,7465307.20407,7465054.58236,7465018.52403,7465272.52371,7465237.84335,7464982.46571,7464946.40739,7465203.16298,7465168.48262,7464917.46276,7464912.08803,7465126.10765,7465073.19906,7464906.71329,7464901.33856,7465020.29046
807884.94208,807866.76011,807852.91217,807961.11028,808037.27847,807839.06422,807825.21627,808113.44667,808189.61487,807811.36832,807797.52038,808265.78307,808341.95127,807783.67243,807769.82448,808418.11947,808445.75028,807755.97654,807742.12859,808435.72739,808425.70451,807728.28064,807714.43269,808415.68163,808405.65875,807700.58475,807686.73680,808395.63587,808385.61299,807672.88885,807678.78771,808375.59011,808344.20786,807750.11390,807821.44009,808283.58550,808222.96314,807892.76627
7465457.77389,7465451.22392,7465415.16559,7465454.14347,7465450.51305,7465379.10727,7465343.04895,7465446.88263,7465443.25221,7465306.99062,7465270.93230,7465439.62179,7465435.99136,7465234.87398,7465198.81565,7465432.36094,7465411.24515,7465162.75733,7465126.69900,7465376.56479,7465341.88443,7465090.64068,7465054.58236,7465307.20407,7465272.52371,7465018.52403,7464982.46571,7465237.84335,7465203.16298,7464946.40739,7464917.46276,7465168.48262,7465126.10765,7464912.08803,7464906.71329,7465073.19906,7465020.29046,7464901.33856
808222.96314,807892.76627,807821.44009,808283.58550,808344.20786,807750.11390,807678.78771,808375.59011,808385.61299,807672.88885,807686.73680,808395.63587,808405.65875,807700.58475,807714.43269,808415.68163,808425.70451,807728.28064,807742.12859,808435.72739,808445.75028,807755.97654,807769.82448,808418.11947,808341.95127,807783.67243,807797.52038,808265.78307,808189.61487,807811.36832,807825.21627,808113.44667,808037.27847,807839.06422,807852.91217,807961.11028,807884.94208,807866.76011
7465020.29046,7464901.33856,7464906.71329,7465073.19906,7465126.10765,7464912.08803,7464917.46276,7465168.48262,7465203.16298,7464946.40739,7464982.46571,7465237.84335,7465272.52371,7465018.52403,7465054.58236,7465307.20407,7465341.88443,7465090.64068,7465126.69900,7465376.56479,7465411.24515,7465162.75733,7465198.81565,7465432.36094,7465435.99136,7465234.87398,7465270.93230,7465439.62179,7465443.25221,7465306.99062,7465343.04895,7465446.88263,7465450.51305,7465379.10727,7465415.16559,7465454.14347,7465457.77389,7465451.22392
807892.76627,808222.96314,808283.58550,807821.44009,807750.11390,808344.20786,808375.59011,807678.78771,807672.88885,808385.61299,808395.63587,807686.73680,807700.58475,808405.65875,808415.68163,807714.43269,807728.28064,808425.70451,808435.72739,807742.12859,807755.97654,808445.75028,808418.11947,807769.82448,807783.67243,808341.95127,808265.78307,807797.52038,807811.36832,808189.61487,808113.44667,807825.21627,807839.06422,808037.27847,807961.11028,807852.91217,807866.76011,807884.94208
7464901.33856,7465020.29046,7465073.19906,7464906.71329,7464912.08803,7465126.10765,7465168.48262,7464917.46276,7464946.40739,7465203.16298,7465237.84335,7464982.46571,7465018.52403,7465272.52371,7465307.20407,7465054.58236,7465090.64068,7465341.88443,7465376.56479,7465126.69900,7465162.75733,7465411.24515,7465432.36094,7465198.81565,7465234.87398,7465435.99136,7465439.62179,7465270.93230,7465306.99062,7465443.25221,7465446.88263,7465343.04895,7465379.10727,7465450.51305,7465454.14347,7465415.16559,7465451.22392,7465457.77389
807383.79389,807296.25719,807301.97529,807432.21751,807480.64114,807309.90604,807317.83680,807523.89122,807561.97557,807331.66011,807351.84205,807600.05992,807638.14427,807372.02398,807392.20591,807675.34647,807709.36254,807412.38785,807432.56978,807743.37860,807777.39467,807452.75171,807475.98903,807811.41073,807843.26226,807501.44757,807526.90612,807871.59535,807899.92844,807552.36466,807577.82320,807928.26153,807956.59462,807603.28175,807628.74029,807984.92772,808013.26081,807654.19884,807814.88355,808041.59390
7465781.12026,7465516.71786,7465440.98544,7465834.37881,7465887.63736,7465371.93630,7465302.88716,7465925.26935,7465947.29839,7465251.63635,7465219.59159,7465969.32744,7465991.35648,7465187.54683,7465155.50206,7466010.72101,7466020.46189,7465123.45730,7465091.41254,7466030.20278,7466039.94366,7465059.36778,7465036.55173,7466049.68455,7466052.88750,7465020.44483,7465004.33794,7466045.46310,7466038.03871,7464988.23105,7464972.12416,7466030.61432,7466023.18992,7464956.01726,7464939.91037,7466015.76553,7466008.34114,7464923.80348,7465316.14383,7466000.91674
807296.25719,807383.79389,807432.21751,807301.97529,807309.90604,807480.64114,807523.89122,807317.83680,807331.66011,807561.97557,807600.05992,807351.84205,807372.02398,807638.14427,807675.34647,807392.20591,807412.38785,807709.36254,807743.37860,807432.56978,807452.75171,807777.39467,807811.41073,807475.98903,807501.44757,807843.26226,807871.59535,807526.90612,807552.36466,807899.92844,807928.26153,807577.82320,807603.28175,807956.59462,807984.92772,807628.74029,807654.19884,808013.26081,808041.59390,807814.88355
7465516.71786,7465781.12026,7465834.37881,7465440.98544,7465371.93630,7465887.63736,7465925.26935,7465302.88716,7465251.63635,7465947.29839,7465969.32744,7465219.59159,7465187.54683,7465991.35648,7466010.72101,7465155.50206,7465123.45730,7466020.46189,7466030.20278,7465091.41254,7465059.36778,7466039.94366,7466049.68455,7465036.55173,7465020.44483,7466052.88750,7466045.46310,7465004.33794,7464988.23105,7466038.03871,7466030.61432,7464972.12416,7464956.01726,7466023.18992,7466015.76553,7464939.91037,7464923.80348,7466008.34114,7466000.91674,7465316.14383
808041.59390,807814.88355,807654.19884,808013.26081,807984.92772,807628.74029,807603.28175,807956.59462,807928.26153,807577.82320,807552.36466,807899.92844,807871.59535,807526.90612,807501.44757,807843.26226,807811.41073,807475.98903,807452.75171,807777.39467,807743.37860,807432.56978,807412.38785,807709.36254,807675.34647,807392.20591,807372.02398,807638.14427,807600.05992,807351.84205,807331.66011,807561.97557,807523.89122,807317.83680,807309.90604,807480.64114,807432.21751,807301.97529,807296.25719,807383.79389
7466000.91674,7465316.14383,7464923.80348,7466008.34114,7466015.76553,7464939.91037,7464956.01726,7466023.18992,7466030.61432,7464972.12416,7464988.23105,7466038.03871,7466045.46310,7465004.33794,7465020.44483,7466052.88750,7466049.68455,7465036.55173,7465059.36778,7466039.94366,7466030.20278,7465091.41254,7465123.45730,7466020.46189,7466010.72101,7465155.50206,7465187.54683,7465991.35648,7465969.32744,7465219.59159,7465251.63635,7465947.29839,7465925.26935,7465302.88716,7465371.93630,7465887.63736,7465834.37881,7465440.98544,7465516.71786,7465781.12026
807814.88355,808041.59390,808013.26081,807654.19884,807628.74029,807984.92772,807956.59462,807603.28175,807577.82320,807928.26153,807899.92844,807552.36466,807526.90612,807871.59535,807843.26226,807501.44757,807475.98903,807811.41073,807777.39467,807452.75171,807432.56978,807743.37860,807709.36254,807412.38785,807392.20591,807675.34647,807638.14427,807372.02398,807351.84205,807600.05992,807561.97557,807331.66011,807317.83680,807523.89122,807480.64114,807309.90604,807301.97529,807432.21751,807383.79389,807296.25719
7465316.14383,7466000.91674,7466008.34114,7464923.80348,7464939.91037,7466015.76553,7466023.18992,7464956.01726,7464972.12416,7466030.61432,7466038.03871,7464988.23105,7465004.33794,7466045.46310,7466052.88750,7465020.44483,7465036.55173,7466049.68455,7466039.94366,7465059.36778,7465091.41254,7466030.20278,7466020.46189,7465123.45730,7465155.50206,7466010.72101,7465991.35648,7465187.54683,7465219.59159,7465969.32744,7465947.29839,7465251.63635,7465302.88716,7465925.26935,7465887.63736,7465371.93630,7465440.98544,7465834.37881,7465781.12026,7465516.71786
