790556.26756
7552522.49628
790398.64086,790414.00786,790392.43149,790352.14960,790305.65835,790370.85513,790349.27876,790278.86491,790252.39221,790327.70239,790306.12602,790225.91951,790199.44682,790284.54965,790262.97328,790172.97412
7552797.09245,7552857.77176,7552891.64032,7552732.58024,7552668.06802,7552925.50888,7552959.37745,7552681.33605,7552695.87060,7552993.24601,7553027.11458,7552710.40515,7552724.93970,7553060.98314,7553094.85170,7552739.47426
790414.00786,790398.64086,790352.14960,790392.43149,790370.85513,790305.65835,790278.86491,790349.27876,790327.70239,790252.39221,790225.91951,790306.12602,790284.54965,790199.44682,790172.97412,790262.97328
7552857.77176,7552797.09245,7552732.58024,7552891.64032,7552925.50888,7552668.06802,7552681.33605,7552959.37745,7552993.24601,7552695.87060,7552710.40515,7553027.11458,7553060.98314,7552724.93970,7552739.47426,7553094.85170
790172.97412,790262.97328,790284.54965,790199.44682,790225.91951,790306.12602,790327.70239,790252.39221,790278.86491,790349.27876,790370.85513,790305.65835,790352.14960,790392.43149,790414.00786,790398.64086
7552739.47426,7553094.85170,7553060.98314,7552724.93970,7552710.40515,7553027.11458,7552993.24601,7552695.87060,7552681.33605,7552959.37745,7552925.50888,7552668.06802,7552732.58024,7552891.64032,7552857.77176,7552797.09245
790262.97328,790172.97412,790199.44682,790284.54965,790306.12602,790225.91951,790252.39221,790327.70239,790349.27876,790278.86491,790305.65835,790370.85513,790392.43149,790352.14960,790398.64086,790414.00786
7553094.85170,7552739.47426,7552724.93970,7553060.98314,7553027.11458,7552710.40515,7552695.87060,7552993.24601,7552959.37745,7552681.33605,7552668.06802,7552925.50888,7552891.64032,7552732.58024,7552797.09245,7552857.77176
790627.37487,790491.64278,790280.60129,790627.92027,790628.46568,790306.20110,790331.80091,790629.01108,790629.55649,790357.40072,790383.00053,790630.10189,790630.64729,790408.60034
7552974.34989,7553022.83464,7553067.18091,7552943.11537,7552911.88085,7553026.99672,7552986.81254,7552880.64633,7552849.41181,7552946.62835,7552906.44417,7552818.17729,7552786.94277,7552866.25998
790491.64278,790627.37487,790627.92027,790280.60129,790306.20110,790628.46568,790629.01108,790331.80091,790357.40072,790629.55649,790630.10189,790383.00053,790408.60034,790630.64729
7553022.83464,7552974.34989,7552943.11537,7553067.18091,7553026.99672,7552911.88085,7552880.64633,7552986.81254,7552946.62835,7552849.41181,7552818.17729,7552906.44417,7552866.25998,7552786.94277
790408.60034,790630.64729,790630.10189,790383.00053,790357.40072,790629.55649,790629.01108,790331.80091,790306.20110,790628.46568,790627.92027,790280.60129,790491.64278,790627.37487
7552866.25998,7552786.94277,7552818.17729,7552906.44417,7552946.62835,7552849.41181,7552880.64633,7552986.81254,7553026.99672,7552911.88085,7552943.11537,7553067.18091,7553022.83464,7552974.34989
790630.64729,790408.60034,790383.00053,790630.10189,790629.55649,790357.40072,790331.80091,790629.01108,790628.46568,790306.20110,790280.60129,790627.92027,790627.37487,790491.64278
7552786.94277,7552866.25998,7552906.44417,7552818.17729,7552849.41181,7552946.62835,7552986.81254,7552880.64633,7552911.88085,7553026.99672,7553067.18091,7552943.11537,7552974.34989,7553022.83464
