


1
[(824587.8375388456, 7592302.8522658), (825185.6801378508, 7592274.702676325), (825505.3780804987, 7593436.65386118), (824977.8733742633, 7594026.9838162195), (824587.8375388456, 7592302.8522658)]
921.700313157
42
MULTIPOINT (825480.0024308098 7593344.425347045, 825501.7779417319 7593440.68277264, 825477.8629647073 7593467.445997963, 825311.4372396902 7592731.770408059, 825178.149453579 7592275.057260744, 825453.9479876835 7593494.209223284, 825430.0330106604 7593520.972448605, 825148.495917181 7592276.453505972, 825118.8423807819 7592277.849751201, 825406.1180336366 7593547.735673927, 825382.2030566129 7593574.498899248, 825089.188844383 7592279.245996429, 825059.5353079839 7592280.642241658, 825358.288079589 7593601.26212457, 825334.3731025652 7593628.025349892, 825029.8817715849 7592282.038486886, 825000.2282351869 7592283.434732114, 825310.4581255422 7593654.788575213, 825286.5431485184 7593681.551800535, 824970.5746987878 7592284.830977342, 824940.9211623879 7592286.22722257, 825262.6281714939 7593708.315025858, 825238.71319447 7593735.078251179, 824911.2676259889 7592287.623467798, 824881.6140895908 7592289.019713027, 825214.798217447 7593761.8414765, 825190.8832404232 7593788.604701822, 824851.9605531918 7592290.415958256, 824822.3070167929 7592291.812203484, 825166.9682633994 7593815.367927143, 825143.0532863756 7593842.131152465, 824792.6534803938 7592293.208448712, 824762.9999439958 7592294.60469394, 825119.1383093526 7593868.894377786, 825095.2233323288 7593895.657603107, 824733.3464075968 7592296.000939168, 824703.6928711978 7592297.397184396, 825071.308355305 7593922.420828429, 825047.3933782812 7593949.184053751, 824674.0393347988 7592298.793429625, 824644.385798399 7592300.189674853, 825023.4784012565 7593975.947279073, 824999.5634242336 7594002.710504394, 824614.7322620008 7592301.585920081)
31931.3895723
MULTIPOINT (825501.7779417319 7593440.68277264, 825480.0024308098 7593344.425347045, 825311.4372396902 7592731.770408059, 825477.8629647073 7593467.445997963, 825453.9479876835 7593494.209223284, 825178.149453579 7592275.057260744, 825148.495917181 7592276.453505972, 825430.0330106604 7593520.972448605, 825406.1180336366 7593547.735673927, 825118.8423807819 7592277.849751201, 825089.188844383 7592279.245996429, 825382.2030566129 7593574.498899248, 825358.288079589 7593601.26212457, 825059.5353079839 7592280.642241658, 825029.8817715849 7592282.038486886, 825334.3731025652 7593628.025349892, 825310.4581255422 7593654.788575213, 825000.2282351869 7592283.434732114, 824970.5746987878 7592284.830977342, 825286.5431485184 7593681.551800535, 825262.6281714939 7593708.315025858, 824940.9211623879 7592286.22722257, 824911.2676259889 7592287.623467798, 825238.71319447 7593735.078251179, 825214.798217447 7593761.8414765, 824881.6140895908 7592289.019713027, 824851.9605531918 7592290.415958256, 825190.8832404232 7593788.604701822, 825166.9682633994 7593815.367927143, 824822.3070167929 7592291.812203484, 824792.6534803938 7592293.208448712, 825143.0532863756 7593842.131152465, 825119.1383093526 7593868.894377786, 824762.9999439958 7592294.60469394, 824733.3464075968 7592296.000939168, 825095.2233323288 7593895.657603107, 825071.308355305 7593922.420828429, 824703.6928711978 7592297.397184396, 824674.0393347988 7592298.793429625, 825047.3933782812 7593949.184053751, 825023.4784012565 7593975.947279073, 824644.385798399 7592300.189674853, 824614.7322620008 7592301.585920081, 824999.5634242336 7594002.710504394)
32084.8406563
MULTIPOINT (824614.7322620008 7592301.585920081, 824999.5634242336 7594002.710504394, 825023.4784012565 7593975.947279073, 824644.385798399 7592300.189674853, 824674.0393347988 7592298.793429625, 825047.3933782812 7593949.184053751, 825071.308355305 7593922.420828429, 824703.6928711978 7592297.397184396, 824733.3464075968 7592296.000939168, 825095.2233323288 7593895.657603107, 825119.1383093526 7593868.894377786, 824762.9999439958 7592294.60469394, 824792.6534803938 7592293.208448712, 825143.0532863756 7593842.131152465, 825166.9682633994 7593815.367927143, 824822.3070167929 7592291.812203484, 824851.9605531918 7592290.415958256, 825190.8832404232 7593788.604701822, 825214.798217447 7593761.8414765, 824881.6140895908 7592289.019713027, 824911.2676259889 7592287.623467798, 825238.71319447 7593735.078251179, 825262.6281714939 7593708.315025858, 824940.9211623879 7592286.22722257, 824970.5746987878 7592284.830977342, 825286.5431485184 7593681.551800535, 825310.4581255422 7593654.788575213, 825000.2282351869 7592283.434732114, 825029.8817715849 7592282.038486886, 825334.3731025652 7593628.025349892, 825358.288079589 7593601.26212457, 825059.5353079839 7592280.642241658, 825089.188844383 7592279.245996429, 825382.2030566129 7593574.498899248, 825406.1180336366 7593547.735673927, 825118.8423807819 7592277.849751201, 825148.495917181 7592276.453505972, 825430.0330106604 7593520.972448605, 825453.9479876835 7593494.209223284, 825178.149453579 7592275.057260744, 825311.4372396902 7592731.770408059, 825477.8629647073 7593467.445997963, 825501.7779417319 7593440.68277264, 825480.0024308098 7593344.425347045)
31931.3895723
MULTIPOINT (824999.5634242336 7594002.710504394, 824614.7322620008 7592301.585920081, 824644.385798399 7592300.189674853, 825023.4784012565 7593975.947279073, 825047.3933782812 7593949.184053751, 824674.0393347988 7592298.793429625, 824703.6928711978 7592297.397184396, 825071.308355305 7593922.420828429, 825095.2233323288 7593895.657603107, 824733.3464075968 7592296.000939168, 824762.9999439958 7592294.60469394, 825119.1383093526 7593868.894377786, 825143.0532863756 7593842.131152465, 824792.6534803938 7592293.208448712, 824822.3070167929 7592291.812203484, 825166.9682633994 7593815.367927143, 825190.8832404232 7593788.604701822, 824851.9605531918 7592290.415958256, 824881.6140895908 7592289.019713027, 825214.798217447 7593761.8414765, 825238.71319447 7593735.078251179, 824911.2676259889 7592287.623467798, 824940.9211623879 7592286.22722257, 825262.6281714939 7593708.315025858, 825286.5431485184 7593681.551800535, 824970.5746987878 7592284.830977342, 825000.2282351869 7592283.434732114, 825310.4581255422 7593654.788575213, 825334.3731025652 7593628.025349892, 825029.8817715849 7592282.038486886, 825059.5353079839 7592280.642241658, 825358.288079589 7593601.26212457, 825382.2030566129 7593574.498899248, 825089.188844383 7592279.245996429, 825118.8423807819 7592277.849751201, 825406.1180336366 7593547.735673927, 825430.0330106604 7593520.972448605, 825148.495917181 7592276.453505972, 825178.149453579 7592275.057260744, 825453.9479876835 7593494.209223284, 825477.8629647073 7593467.445997963, 825311.4372396902 7592731.770408059, 825480.0024308098 7593344.425347045, 825501.7779417319 7593440.68277264)
32084.8406563
