


1
[(819511.7514450371, 7594018.074761866), (820897.8089364609, 7593692.208276149), (820993.6035387919, 7594093.773927016), (819570.9323809494, 7594427.285494784), (819437.8403374472, 7594248.180193065), (819511.7514450371, 7594018.074761866)]
616.79111815
26
MULTIPOINT (819507.73929334 7594030.565684089, 820900.6303208502 7593704.03536276, 820907.4131295281 7593732.468519902, 819497.3103845262 7594063.033720867, 819486.8814757119 7594095.501757646, 820914.1959382058 7593760.901677043, 820920.9787468836 7593789.334834185, 819476.452566898 7594127.969794424, 819466.0236580841 7594160.437831203, 820927.7615555616 7593817.767991328, 820934.5443642396 7593846.20114847, 819455.5947492698 7594192.905867983, 819445.1658404559 7594225.373904761, 820941.3271729173 7593874.634305612, 820948.1099815953 7593903.067462754, 819443.4943706084 7594255.788967328, 819462.4945916443 7594281.35804142, 820954.8927902733 7593931.500619897, 820961.6755989511 7593959.933777038, 819481.4948126802 7594306.927115512, 819500.4950337149 7594332.496189603, 820968.4584076288 7593988.36693418, 820975.2412163066 7594016.800091322, 819519.4952547502 7594358.065263694, 819538.4954757862 7594383.634337786, 820982.0240249846 7594045.233248464, 820988.8068336626 7594073.666405607, 819557.4956968221 7594409.203411878)
21342.6270348
MULTIPOINT (820900.6303208502 7593704.03536276, 819507.73929334 7594030.565684089, 819497.3103845262 7594063.033720867, 820907.4131295281 7593732.468519902, 820914.1959382058 7593760.901677043, 819486.8814757119 7594095.501757646, 819476.452566898 7594127.969794424, 820920.9787468836 7593789.334834185, 820927.7615555616 7593817.767991328, 819466.0236580841 7594160.437831203, 819455.5947492698 7594192.905867983, 820934.5443642396 7593846.20114847, 820941.3271729173 7593874.634305612, 819445.1658404559 7594225.373904761, 819443.4943706084 7594255.788967328, 820948.1099815953 7593903.067462754, 820954.8927902733 7593931.500619897, 819462.4945916443 7594281.35804142, 819481.4948126802 7594306.927115512, 820961.6755989511 7593959.933777038, 820968.4584076288 7593988.36693418, 819500.4950337149 7594332.496189603, 819519.4952547502 7594358.065263694, 820975.2412163066 7594016.800091322, 820982.0240249846 7594045.233248464, 819538.4954757862 7594383.634337786, 819557.4956968221 7594409.203411878, 820988.8068336626 7594073.666405607)
21343.8569984
MULTIPOINT (819557.4956968221 7594409.203411878, 820988.8068336626 7594073.666405607, 820982.0240249846 7594045.233248464, 819538.4954757862 7594383.634337786, 819519.4952547502 7594358.065263694, 820975.2412163066 7594016.800091322, 820968.4584076288 7593988.36693418, 819500.4950337149 7594332.496189603, 819481.4948126802 7594306.927115512, 820961.6755989511 7593959.933777038, 820954.8927902733 7593931.500619897, 819462.4945916443 7594281.35804142, 819443.4943706084 7594255.788967328, 820948.1099815953 7593903.067462754, 820941.3271729173 7593874.634305612, 819445.1658404559 7594225.373904761, 819455.5947492698 7594192.905867983, 820934.5443642396 7593846.20114847, 820927.7615555616 7593817.767991328, 819466.0236580841 7594160.437831203, 819476.452566898 7594127.969794424, 820920.9787468836 7593789.334834185, 820914.1959382058 7593760.901677043, 819486.8814757119 7594095.501757646, 819497.3103845262 7594063.033720867, 820907.4131295281 7593732.468519902, 820900.6303208502 7593704.03536276, 819507.73929334 7594030.565684089)
21342.6270348
MULTIPOINT (820988.8068336626 7594073.666405607, 819557.4956968221 7594409.203411878, 819538.4954757862 7594383.634337786, 820982.0240249846 7594045.233248464, 820975.2412163066 7594016.800091322, 819519.4952547502 7594358.065263694, 819500.4950337149 7594332.496189603, 820968.4584076288 7593988.36693418, 820961.6755989511 7593959.933777038, 819481.4948126802 7594306.927115512, 819462.4945916443 7594281.35804142, 820954.8927902733 7593931.500619897, 820948.1099815953 7593903.067462754, 819443.4943706084 7594255.788967328, 819445.1658404559 7594225.373904761, 820941.3271729173 7593874.634305612, 820934.5443642396 7593846.20114847, 819455.5947492698 7594192.905867983, 819466.0236580841 7594160.437831203, 820927.7615555616 7593817.767991328, 820920.9787468836 7593789.334834185, 819476.452566898 7594127.969794424, 819486.8814757119 7594095.501757646, 820914.1959382058 7593760.901677043, 820907.4131295281 7593732.468519902, 819497.3103845262 7594063.033720867, 819507.73929334 7594030.565684089, 820900.6303208502 7593704.03536276)
21343.8569984
