


1
[(829529.5385314461, 7566785.095816839), (829318.2734970162, 7566762.007615991), (829145.6924177727, 7566596.9659328535), (829114.1343688588, 7566380.5610920545), (829158.4946419967, 7566216.401847286), (829291.3527636298, 7566095.129726743), (829484.0897120708, 7566043.934343515), (829686.4483537942, 7566103.107235092), (829830.5344051823, 7566262.588320842), (829860.8389716676, 7566453.3872798905), (829816.8269996163, 7566593.375776594), (829709.666011731, 7566717.141739416), (829529.5385314461, 7566785.095816839)]
425.256867457
48
MULTIPOINT (829479.3450294952 7566779.610395849, 829698.109453692 7566721.501514163, 829742.2234328201 7566679.53943052, 829398.6736473828 7566770.794185074, 829318.1902790531 7566761.928033497, 829776.2314801795 7566640.26171567, 829810.2395275397 7566600.98400082, 829293.4390906456 7566738.258128243, 829268.6879022385 7566714.588222988, 829825.1924823318 7566566.767758481, 829835.5676742967 7566533.767475638, 829243.9367138317 7566690.918317734, 829219.1855254241 7566667.24841248, 829845.9428662624 7566500.767192792, 829856.318058228 7566467.766909947, 829194.4343370164 7566643.578507225, 829169.6831486095 7566619.90860197, 829858.238166935 7566437.012492417, 829853.6289143611 7566407.992423989, 829145.5619623908 7566596.07135359, 829141.3159322891 7566566.954804887, 829849.0196617871 7566378.97235556, 829844.410409213 7566349.952287131, 829137.0699021876 7566537.838256184, 829132.8238720858 7566508.72170748, 829839.801156639 7566320.932218702, 829835.1919040651 7566291.912150273, 829128.577841984 7566479.605158777, 829124.3318118823 7566450.488610074, 829830.5826514912 7566262.892081845, 829808.7285854118 7566238.452634013, 829120.0857817808 7566421.372061371, 829115.839751679 7566392.255512667, 829786.6921037544 7566214.061639972, 829764.6556220964 7566189.67064593, 829119.4028258217 7566361.064685587, 829128.2076792208 7566328.48152092, 829742.6191404391 7566165.279651889, 829720.5826587812 7566140.888657847, 829137.0125326201 7566295.898356253, 829145.8173860196 7566263.315191586, 829698.5461771238 7566116.497663806, 829662.0047183544 7566095.959526561, 829154.6222394191 7566230.732026918, 829184.674445664 7566192.505074796, 829607.8070886323 7566080.11127595, 829553.6094589104 7566064.263025341, 829231.4076705116 7566149.84725902, 829278.1408953604 7566107.189443242, 829499.4118291882 7566048.41477473)
15572.9399044
MULTIPOINT (829698.109453692 7566721.501514163, 829479.3450294952 7566779.610395849, 829398.6736473828 7566770.794185074, 829742.2234328201 7566679.53943052, 829776.2314801795 7566640.26171567, 829318.1902790531 7566761.928033497, 829293.4390906456 7566738.258128243, 829810.2395275397 7566600.98400082, 829825.1924823318 7566566.767758481, 829268.6879022385 7566714.588222988, 829243.9367138317 7566690.918317734, 829835.5676742967 7566533.767475638, 829845.9428662624 7566500.767192792, 829219.1855254241 7566667.24841248, 829194.4343370164 7566643.578507225, 829856.318058228 7566467.766909947, 829858.238166935 7566437.012492417, 829169.6831486095 7566619.90860197, 829145.5619623908 7566596.07135359, 829853.6289143611 7566407.992423989, 829849.0196617871 7566378.97235556, 829141.3159322891 7566566.954804887, 829137.0699021876 7566537.838256184, 829844.410409213 7566349.952287131, 829839.801156639 7566320.932218702, 829132.8238720858 7566508.72170748, 829128.577841984 7566479.605158777, 829835.1919040651 7566291.912150273, 829830.5826514912 7566262.892081845, 829124.3318118823 7566450.488610074, 829120.0857817808 7566421.372061371, 829808.7285854118 7566238.452634013, 829786.6921037544 7566214.061639972, 829115.839751679 7566392.255512667, 829119.4028258217 7566361.064685587, 829764.6556220964 7566189.67064593, 829742.6191404391 7566165.279651889, 829128.2076792208 7566328.48152092, 829137.0125326201 7566295.898356253, 829720.5826587812 7566140.888657847, 829698.5461771238 7566116.497663806, 829145.8173860196 7566263.315191586, 829154.6222394191 7566230.732026918, 829662.0047183544 7566095.959526561, 829607.8070886323 7566080.11127595, 829184.674445664 7566192.505074796, 829231.4076705116 7566149.84725902, 829553.6094589104 7566064.263025341, 829499.4118291882 7566048.41477473, 829278.1408953604 7566107.189443242)
15547.6912268
MULTIPOINT (829499.4118291882 7566048.41477473, 829278.1408953604 7566107.189443242, 829231.4076705116 7566149.84725902, 829553.6094589104 7566064.263025341, 829607.8070886323 7566080.11127595, 829184.674445664 7566192.505074796, 829154.6222394191 7566230.732026918, 829662.0047183544 7566095.959526561, 829698.5461771238 7566116.497663806, 829145.8173860196 7566263.315191586, 829137.0125326201 7566295.898356253, 829720.5826587812 7566140.888657847, 829742.6191404391 7566165.279651889, 829128.2076792208 7566328.48152092, 829119.4028258217 7566361.064685587, 829764.6556220964 7566189.67064593, 829786.6921037544 7566214.061639972, 829115.839751679 7566392.255512667, 829120.0857817808 7566421.372061371, 829808.7285854118 7566238.452634013, 829830.5826514912 7566262.892081845, 829124.3318118823 7566450.488610074, 829128.577841984 7566479.605158777, 829835.1919040651 7566291.912150273, 829839.801156639 7566320.932218702, 829132.8238720858 7566508.72170748, 829137.0699021876 7566537.838256184, 829844.410409213 7566349.952287131, 829849.0196617871 7566378.97235556, 829141.3159322891 7566566.954804887, 829145.5619623908 7566596.07135359, 829853.6289143611 7566407.992423989, 829858.238166935 7566437.012492417, 829169.6831486095 7566619.90860197, 829194.4343370164 7566643.578507225, 829856.318058228 7566467.766909947, 829845.9428662624 7566500.767192792, 829219.1855254241 7566667.24841248, 829243.9367138317 7566690.918317734, 829835.5676742967 7566533.767475638, 829825.1924823318 7566566.767758481, 829268.6879022385 7566714.588222988, 829293.4390906456 7566738.258128243, 829810.2395275397 7566600.98400082, 829776.2314801795 7566640.26171567, 829318.1902790531 7566761.928033497, 829398.6736473828 7566770.794185074, 829742.2234328201 7566679.53943052, 829698.109453692 7566721.501514163, 829479.3450294952 7566779.610395849)
15572.9399044
MULTIPOINT (829278.1408953604 7566107.189443242, 829499.4118291882 7566048.41477473, 829553.6094589104 7566064.263025341, 829231.4076705116 7566149.84725902, 829184.674445664 7566192.505074796, 829607.8070886323 7566080.11127595, 829662.0047183544 7566095.959526561, 829154.6222394191 7566230.732026918, 829145.8173860196 7566263.315191586, 829698.5461771238 7566116.497663806, 829720.5826587812 7566140.888657847, 829137.0125326201 7566295.898356253, 829128.2076792208 7566328.48152092, 829742.6191404391 7566165.279651889, 829764.6556220964 7566189.67064593, 829119.4028258217 7566361.064685587, 829115.839751679 7566392.255512667, 829786.6921037544 7566214.061639972, 829808.7285854118 7566238.452634013, 829120.0857817808 7566421.372061371, 829124.3318118823 7566450.488610074, 829830.5826514912 7566262.892081845, 829835.1919040651 7566291.912150273, 829128.577841984 7566479.605158777, 829132.8238720858 7566508.72170748, 829839.801156639 7566320.932218702, 829844.410409213 7566349.952287131, 829137.0699021876 7566537.838256184, 829141.3159322891 7566566.954804887, 829849.0196617871 7566378.97235556, 829853.6289143611 7566407.992423989, 829145.5619623908 7566596.07135359, 829169.6831486095 7566619.90860197, 829858.238166935 7566437.012492417, 829856.318058228 7566467.766909947, 829194.4343370164 7566643.578507225, 829219.1855254241 7566667.24841248, 829845.9428662624 7566500.767192792, 829835.5676742967 7566533.767475638, 829243.9367138317 7566690.918317734, 829268.6879022385 7566714.588222988, 829825.1924823318 7566566.767758481, 829810.2395275397 7566600.98400082, 829293.4390906456 7566738.258128243, 829318.1902790531 7566761.928033497, 829776.2314801795 7566640.26171567, 829742.2234328201 7566679.53943052, 829398.6736473828 7566770.794185074, 829479.3450294952 7566779.610395849, 829698.109453692 7566721.501514163)
15547.6912268
