


1
[(766308.6037050833, 7598153.80484742), (767324.9336265496, 7598095.608951812), (767401.1848946932, 7598198.1210710965), (767053.2891305888, 7599161.031562397), (766426.1976781009, 7599032.311711395), (766308.6037050833, 7598153.80484742)]
855.93321411
70
MULTIPOINT (766327.4222181968 7598152.727283726, 766313.5857437247 7598191.024060538, 766321.9877495669 7598253.792751944, 766359.1588763202 7598150.910016317, 766390.8955344427 7598149.092748908, 766330.389755409 7598316.561443348, 766338.7917612509 7598379.330134752, 766422.6321925652 7598147.275481499, 766454.3688506878 7598145.45821409, 766347.1937670929 7598442.098826157, 766355.5957729348 7598504.867517561, 766486.1055088103 7598143.640946681, 766517.8421669338 7598141.823679272, 766363.9977787771 7598567.636208967, 766372.3997846189 7598630.40490037, 766549.5788250553 7598140.006411863, 766581.3154831787 7598138.189144454, 766380.8017904611 7598693.173591776, 766389.2037963031 7598755.94228318, 766613.0521413012 7598136.371877045, 766644.7887994247 7598134.554609636, 766397.6058021453 7598818.710974586, 766406.0078079873 7598881.47966599, 766676.5254575472 7598132.737342227, 766708.2621156693 7598130.920074818, 766414.4098138292 7598944.248357394, 766422.8118196712 7599007.017048799, 766739.9987737918 7598129.102807409, 766771.7354319153 7598127.28554, 766443.4719596222 7599035.857514698, 766472.4062397224 7599041.796706197, 766803.4720900378 7598125.468272591, 766835.2087481603 7598123.651005182, 766501.3405198224 7599047.735897695, 766530.2747999226 7599053.675089194, 766866.9454062828 7598121.833737773, 766898.6820644059 7598120.016470364, 766559.2090800233 7599059.614280692, 766588.1433601235 7599065.55347219, 766930.4187225284 7598118.199202955, 766962.1553806509 7598116.381935546, 766617.0776402235 7599071.492663689, 766646.0119203237 7599077.431855187, 766993.8920387733 7598114.564668137, 767025.6286968967 7598112.747400728, 766674.9462004247 7599083.371046686, 766703.8804805249 7599089.310238184, 767057.3653550192 7598110.930133319, 767089.1020131427 7598109.11286591, 766732.8147606258 7599095.249429683, 766761.7490407251 7599101.188621181, 767120.8386712642 7598107.295598501, 767152.5753293877 7598105.478331092, 766790.683320826 7599107.12781268, 766819.6176009262 7599113.067004178, 767184.3119875102 7598103.661063683, 767216.0486456327 7598101.843796274, 766848.5518810262 7599119.006195677, 766877.4861611264 7599124.945387175, 767247.7853037552 7598100.026528865, 767279.5219618777 7598098.209261457, 766906.4204412266 7599130.884578673, 766935.3547213275 7599136.823770172, 767311.2586200011 7598096.391994047, 767336.8389105191 7598111.614402214, 766964.2890014276 7599142.762961671, 766993.2232815274 7599148.702153169, 767357.7580344231 7598139.738048905, 767378.6771583274 7598167.861695596, 767022.1575616276 7599154.641344667, 767051.0918417285 7599160.580536165, 767399.5962822323 7598195.985342287)
31023.8932653
MULTIPOINT (766313.5857437247 7598191.024060538, 766327.4222181968 7598152.727283726, 766359.1588763202 7598150.910016317, 766321.9877495669 7598253.792751944, 766330.389755409 7598316.561443348, 766390.8955344427 7598149.092748908, 766422.6321925652 7598147.275481499, 766338.7917612509 7598379.330134752, 766347.1937670929 7598442.098826157, 766454.3688506878 7598145.45821409, 766486.1055088103 7598143.640946681, 766355.5957729348 7598504.867517561, 766363.9977787771 7598567.636208967, 766517.8421669338 7598141.823679272, 766549.5788250553 7598140.006411863, 766372.3997846189 7598630.40490037, 766380.8017904611 7598693.173591776, 766581.3154831787 7598138.189144454, 766613.0521413012 7598136.371877045, 766389.2037963031 7598755.94228318, 766397.6058021453 7598818.710974586, 766644.7887994247 7598134.554609636, 766676.5254575472 7598132.737342227, 766406.0078079873 7598881.47966599, 766414.4098138292 7598944.248357394, 766708.2621156693 7598130.920074818, 766739.9987737918 7598129.102807409, 766422.8118196712 7599007.017048799, 766443.4719596222 7599035.857514698, 766771.7354319153 7598127.28554, 766803.4720900378 7598125.468272591, 766472.4062397224 7599041.796706197, 766501.3405198224 7599047.735897695, 766835.2087481603 7598123.651005182, 766866.9454062828 7598121.833737773, 766530.2747999226 7599053.675089194, 766559.2090800233 7599059.614280692, 766898.6820644059 7598120.016470364, 766930.4187225284 7598118.199202955, 766588.1433601235 7599065.55347219, 766617.0776402235 7599071.492663689, 766962.1553806509 7598116.381935546, 766993.8920387733 7598114.564668137, 766646.0119203237 7599077.431855187, 766674.9462004247 7599083.371046686, 767025.6286968967 7598112.747400728, 767057.3653550192 7598110.930133319, 766703.8804805249 7599089.310238184, 766732.8147606258 7599095.249429683, 767089.1020131427 7598109.11286591, 767120.8386712642 7598107.295598501, 766761.7490407251 7599101.188621181, 766790.683320826 7599107.12781268, 767152.5753293877 7598105.478331092, 767184.3119875102 7598103.661063683, 766819.6176009262 7599113.067004178, 766848.5518810262 7599119.006195677, 767216.0486456327 7598101.843796274, 767247.7853037552 7598100.026528865, 766877.4861611264 7599124.945387175, 766906.4204412266 7599130.884578673, 767279.5219618777 7598098.209261457, 767311.2586200011 7598096.391994047, 766935.3547213275 7599136.823770172, 766964.2890014276 7599142.762961671, 767336.8389105191 7598111.614402214, 767357.7580344231 7598139.738048905, 766993.2232815274 7599148.702153169, 767022.1575616276 7599154.641344667, 767378.6771583274 7598167.861695596, 767399.5962822323 7598195.985342287, 767051.0918417285 7599160.580536165)
31003.5764753
MULTIPOINT (767399.5962822323 7598195.985342287, 767051.0918417285 7599160.580536165, 767022.1575616276 7599154.641344667, 767378.6771583274 7598167.861695596, 767357.7580344231 7598139.738048905, 766993.2232815274 7599148.702153169, 766964.2890014276 7599142.762961671, 767336.8389105191 7598111.614402214, 767311.2586200011 7598096.391994047, 766935.3547213275 7599136.823770172, 766906.4204412266 7599130.884578673, 767279.5219618777 7598098.209261457, 767247.7853037552 7598100.026528865, 766877.4861611264 7599124.945387175, 766848.5518810262 7599119.006195677, 767216.0486456327 7598101.843796274, 767184.3119875102 7598103.661063683, 766819.6176009262 7599113.067004178, 766790.683320826 7599107.12781268, 767152.5753293877 7598105.478331092, 767120.8386712642 7598107.295598501, 766761.7490407251 7599101.188621181, 766732.8147606258 7599095.249429683, 767089.1020131427 7598109.11286591, 767057.3653550192 7598110.930133319, 766703.8804805249 7599089.310238184, 766674.9462004247 7599083.371046686, 767025.6286968967 7598112.747400728, 766993.8920387733 7598114.564668137, 766646.0119203237 7599077.431855187, 766617.0776402235 7599071.492663689, 766962.1553806509 7598116.381935546, 766930.4187225284 7598118.199202955, 766588.1433601235 7599065.55347219, 766559.2090800233 7599059.614280692, 766898.6820644059 7598120.016470364, 766866.9454062828 7598121.833737773, 766530.2747999226 7599053.675089194, 766501.3405198224 7599047.735897695, 766835.2087481603 7598123.651005182, 766803.4720900378 7598125.468272591, 766472.4062397224 7599041.796706197, 766443.4719596222 7599035.857514698, 766771.7354319153 7598127.28554, 766739.9987737918 7598129.102807409, 766422.8118196712 7599007.017048799, 766414.4098138292 7598944.248357394, 766708.2621156693 7598130.920074818, 766676.5254575472 7598132.737342227, 766406.0078079873 7598881.47966599, 766397.6058021453 7598818.710974586, 766644.7887994247 7598134.554609636, 766613.0521413012 7598136.371877045, 766389.2037963031 7598755.94228318, 766380.8017904611 7598693.173591776, 766581.3154831787 7598138.189144454, 766549.5788250553 7598140.006411863, 766372.3997846189 7598630.40490037, 766363.9977787771 7598567.636208967, 766517.8421669338 7598141.823679272, 766486.1055088103 7598143.640946681, 766355.5957729348 7598504.867517561, 766347.1937670929 7598442.098826157, 766454.3688506878 7598145.45821409, 766422.6321925652 7598147.275481499, 766338.7917612509 7598379.330134752, 766330.389755409 7598316.561443348, 766390.8955344427 7598149.092748908, 766359.1588763202 7598150.910016317, 766321.9877495669 7598253.792751944, 766313.5857437247 7598191.024060538, 766327.4222181968 7598152.727283726)
31023.8932653
MULTIPOINT (767051.0918417285 7599160.580536165, 767399.5962822323 7598195.985342287, 767378.6771583274 7598167.861695596, 767022.1575616276 7599154.641344667, 766993.2232815274 7599148.702153169, 767357.7580344231 7598139.738048905, 767336.8389105191 7598111.614402214, 766964.2890014276 7599142.762961671, 766935.3547213275 7599136.823770172, 767311.2586200011 7598096.391994047, 767279.5219618777 7598098.209261457, 766906.4204412266 7599130.884578673, 766877.4861611264 7599124.945387175, 767247.7853037552 7598100.026528865, 767216.0486456327 7598101.843796274, 766848.5518810262 7599119.006195677, 766819.6176009262 7599113.067004178, 767184.3119875102 7598103.661063683, 767152.5753293877 7598105.478331092, 766790.683320826 7599107.12781268, 766761.7490407251 7599101.188621181, 767120.8386712642 7598107.295598501, 767089.1020131427 7598109.11286591, 766732.8147606258 7599095.249429683, 766703.8804805249 7599089.310238184, 767057.3653550192 7598110.930133319, 767025.6286968967 7598112.747400728, 766674.9462004247 7599083.371046686, 766646.0119203237 7599077.431855187, 766993.8920387733 7598114.564668137, 766962.1553806509 7598116.381935546, 766617.0776402235 7599071.492663689, 766588.1433601235 7599065.55347219, 766930.4187225284 7598118.199202955, 766898.6820644059 7598120.016470364, 766559.2090800233 7599059.614280692, 766530.2747999226 7599053.675089194, 766866.9454062828 7598121.833737773, 766835.2087481603 7598123.651005182, 766501.3405198224 7599047.735897695, 766472.4062397224 7599041.796706197, 766803.4720900378 7598125.468272591, 766771.7354319153 7598127.28554, 766443.4719596222 7599035.857514698, 766422.8118196712 7599007.017048799, 766739.9987737918 7598129.102807409, 766708.2621156693 7598130.920074818, 766414.4098138292 7598944.248357394, 766406.0078079873 7598881.47966599, 766676.5254575472 7598132.737342227, 766644.7887994247 7598134.554609636, 766397.6058021453 7598818.710974586, 766389.2037963031 7598755.94228318, 766613.0521413012 7598136.371877045, 766581.3154831787 7598138.189144454, 766380.8017904611 7598693.173591776, 766372.3997846189 7598630.40490037, 766549.5788250553 7598140.006411863, 766517.8421669338 7598141.823679272, 766363.9977787771 7598567.636208967, 766355.5957729348 7598504.867517561, 766486.1055088103 7598143.640946681, 766454.3688506878 7598145.45821409, 766347.1937670929 7598442.098826157, 766338.7917612509 7598379.330134752, 766422.6321925652 7598147.275481499, 766390.8955344427 7598149.092748908, 766330.389755409 7598316.561443348, 766321.9877495669 7598253.792751944, 766359.1588763202 7598150.910016317, 766327.4222181968 7598152.727283726, 766313.5857437247 7598191.024060538)
31003.5764753
