


1
[(822302.3335841288, 7596838.141833706), (822356.961167994, 7596324.649330098), (822755.462035731, 7596230.741499254), (822691.8385984716, 7596745.329190155), (822302.3335841288, 7596838.141833706)]
197.01333844
24
MULTIPOINT (822315.0015835983 7596835.123257626, 822378.7512736538 7596319.514431477, 822409.088524221 7596312.365374535, 822345.3490015488 7596827.891966676, 822375.6964194982 7596820.660675728, 822439.4257747872 7596305.216317595, 822469.7630253545 7596298.067260654, 822406.0438374486 7596813.429384778, 822436.391255398 7596806.198093829, 822500.1002759206 7596290.918203712, 822530.4375264868 7596283.769146771, 822466.7386733475 7596798.96680288, 822497.0860912979 7596791.735511931, 822560.7747770541 7596276.620089831, 822591.1120276202 7596269.47103289, 822527.4335092473 7596784.504220982, 822557.7809271978 7596777.272930033, 822621.4492781875 7596262.321975948, 822651.7865287536 7596255.172919007, 822588.1283451472 7596770.041639083, 822618.4757630967 7596762.810348134, 822682.1237793199 7596248.023862067, 822712.461029887 7596240.874805125, 822648.823181047 7596755.579057185, 822679.1705989975 7596748.347766235, 822742.7982804542 7596233.725748184)
7121.68200144
MULTIPOINT (822378.7512736538 7596319.514431477, 822315.0015835983 7596835.123257626, 822345.3490015488 7596827.891966676, 822409.088524221 7596312.365374535, 822439.4257747872 7596305.216317595, 822375.6964194982 7596820.660675728, 822406.0438374486 7596813.429384778, 822469.7630253545 7596298.067260654, 822500.1002759206 7596290.918203712, 822436.391255398 7596806.198093829, 822466.7386733475 7596798.96680288, 822530.4375264868 7596283.769146771, 822560.7747770541 7596276.620089831, 822497.0860912979 7596791.735511931, 822527.4335092473 7596784.504220982, 822591.1120276202 7596269.47103289, 822621.4492781875 7596262.321975948, 822557.7809271978 7596777.272930033, 822588.1283451472 7596770.041639083, 822651.7865287536 7596255.172919007, 822682.1237793199 7596248.023862067, 822618.4757630967 7596762.810348134, 822648.823181047 7596755.579057185, 822712.461029887 7596240.874805125, 822742.7982804542 7596233.725748184, 822679.1705989975 7596748.347766235)
7121.68200144
MULTIPOINT (822742.7982804542 7596233.725748184, 822679.1705989975 7596748.347766235, 822648.823181047 7596755.579057185, 822712.461029887 7596240.874805125, 822682.1237793199 7596248.023862067, 822618.4757630967 7596762.810348134, 822588.1283451472 7596770.041639083, 822651.7865287536 7596255.172919007, 822621.4492781875 7596262.321975948, 822557.7809271978 7596777.272930033, 822527.4335092473 7596784.504220982, 822591.1120276202 7596269.47103289, 822560.7747770541 7596276.620089831, 822497.0860912979 7596791.735511931, 822466.7386733475 7596798.96680288, 822530.4375264868 7596283.769146771, 822500.1002759206 7596290.918203712, 822436.391255398 7596806.198093829, 822406.0438374486 7596813.429384778, 822469.7630253545 7596298.067260654, 822439.4257747872 7596305.216317595, 822375.6964194982 7596820.660675728, 822345.3490015488 7596827.891966676, 822409.088524221 7596312.365374535, 822378.7512736538 7596319.514431477, 822315.0015835983 7596835.123257626)
7121.68200144
MULTIPOINT (822679.1705989975 7596748.347766235, 822742.7982804542 7596233.725748184, 822712.461029887 7596240.874805125, 822648.823181047 7596755.579057185, 822618.4757630967 7596762.810348134, 822682.1237793199 7596248.023862067, 822651.7865287536 7596255.172919007, 822588.1283451472 7596770.041639083, 822557.7809271978 7596777.272930033, 822621.4492781875 7596262.321975948, 822591.1120276202 7596269.47103289, 822527.4335092473 7596784.504220982, 822497.0860912979 7596791.735511931, 822560.7747770541 7596276.620089831, 822530.4375264868 7596283.769146771, 822466.7386733475 7596798.96680288, 822436.391255398 7596806.198093829, 822500.1002759206 7596290.918203712, 822469.7630253545 7596298.067260654, 822406.0438374486 7596813.429384778, 822375.6964194982 7596820.660675728, 822439.4257747872 7596305.216317595, 822409.088524221 7596312.365374535, 822345.3490015488 7596827.891966676, 822315.0015835983 7596835.123257626, 822378.7512736538 7596319.514431477)
7121.68200144
