


1
[(732488.2936846486, 7643270.052077711), (732349.9565714069, 7643153.860078139), (732446.0267844275, 7642993.011009708), (732622.193801303, 7642914.219296679), (732818.8725667703, 7643247.300299648), (732601.9186658008, 7643335.049899271), (732488.2936846486, 7643270.052077711)]
112.103090352
22
MULTIPOINT (732357.0421515548 7643141.996786384, 732377.9119062737 7643177.340301058, 732445.2602116273 7643233.907436828, 732374.1123035558 7643113.416459964, 732391.1824555565 7643084.836133544, 732506.8006325974 7643280.638757578, 732558.0620011543 7643309.962214908, 732408.2526075566 7643056.255807127, 732425.3227595575 7643027.675480707, 732605.8768832956 7643333.448950872, 732633.2788764383 7643322.365887067, 732442.3929115583 7642999.095154287, 732467.1643216925 7642983.557124413, 732660.6808695812 7643311.282823263, 732688.0828627239 7643300.199759457, 732494.0185549594 7642971.546413902, 732520.8727882262 7642959.535703392, 732715.4848558668 7643289.116695653, 732742.8868490098 7643278.033631848, 732547.7270214933 7642947.524992881, 732574.5812547603 7642935.514282371, 732770.2888421523 7643266.950568044, 732797.6908352952 7643255.867504238, 732601.4354880269 7642923.50357186)
4153.152979
MULTIPOINT (732377.9119062737 7643177.340301058, 732357.0421515548 7643141.996786384, 732374.1123035558 7643113.416459964, 732445.2602116273 7643233.907436828, 732506.8006325974 7643280.638757578, 732391.1824555565 7643084.836133544, 732408.2526075566 7643056.255807127, 732558.0620011543 7643309.962214908, 732605.8768832956 7643333.448950872, 732425.3227595575 7643027.675480707, 732442.3929115583 7642999.095154287, 732633.2788764383 7643322.365887067, 732660.6808695812 7643311.282823263, 732467.1643216925 7642983.557124413, 732494.0185549594 7642971.546413902, 732688.0828627239 7643300.199759457, 732715.4848558668 7643289.116695653, 732520.8727882262 7642959.535703392, 732547.7270214933 7642947.524992881, 732742.8868490098 7643278.033631848, 732770.2888421523 7643266.950568044, 732574.5812547603 7642935.514282371, 732601.4354880269 7642923.50357186, 732797.6908352952 7643255.867504238)
4140.59707203
MULTIPOINT (732601.4354880269 7642923.50357186, 732797.6908352952 7643255.867504238, 732770.2888421523 7643266.950568044, 732574.5812547603 7642935.514282371, 732547.7270214933 7642947.524992881, 732742.8868490098 7643278.033631848, 732715.4848558668 7643289.116695653, 732520.8727882262 7642959.535703392, 732494.0185549594 7642971.546413902, 732688.0828627239 7643300.199759457, 732660.6808695812 7643311.282823263, 732467.1643216925 7642983.557124413, 732442.3929115583 7642999.095154287, 732633.2788764383 7643322.365887067, 732605.8768832956 7643333.448950872, 732425.3227595575 7643027.675480707, 732408.2526075566 7643056.255807127, 732558.0620011543 7643309.962214908, 732506.8006325974 7643280.638757578, 732391.1824555565 7643084.836133544, 732374.1123035558 7643113.416459964, 732445.2602116273 7643233.907436828, 732377.9119062737 7643177.340301058, 732357.0421515548 7643141.996786384)
4153.152979
MULTIPOINT (732797.6908352952 7643255.867504238, 732601.4354880269 7642923.50357186, 732574.5812547603 7642935.514282371, 732770.2888421523 7643266.950568044, 732742.8868490098 7643278.033631848, 732547.7270214933 7642947.524992881, 732520.8727882262 7642959.535703392, 732715.4848558668 7643289.116695653, 732688.0828627239 7643300.199759457, 732494.0185549594 7642971.546413902, 732467.1643216925 7642983.557124413, 732660.6808695812 7643311.282823263, 732633.2788764383 7643322.365887067, 732442.3929115583 7642999.095154287, 732425.3227595575 7643027.675480707, 732605.8768832956 7643333.448950872, 732558.0620011543 7643309.962214908, 732408.2526075566 7643056.255807127, 732391.1824555565 7643084.836133544, 732506.8006325974 7643280.638757578, 732445.2602116273 7643233.907436828, 732374.1123035558 7643113.416459964, 732357.0421515548 7643141.996786384, 732377.9119062737 7643177.340301058)
4140.59707203



2
[(731799.1327919599, 7642326.939979821), (732207.3280185593, 7642189.326364763), (732271.0086353124, 7642315.198365245), (732165.7376632476, 7642405.617869873), (732006.697339068, 7642495.190772807), (731904.6951395851, 7642469.55636079), (731799.1327919599, 7642326.939979821)]
79.3831869903
14
MULTIPOINT (731972.7464362642 7642486.658491786, 732095.0637883223 7642445.422014962, 732194.2337541564 7642381.141963806, 731920.3244072816 7642473.484188716, 731891.8702117241 7642452.22968287, 732253.3512378713 7642330.364684111, 732261.6585619132 7642296.716878987, 731873.5973581376 7642427.542772177, 731855.3245045517 7642402.855861483, 732248.3263944823 7642270.364329799, 732234.9942270515 7642244.011780612, 731837.0516509664 7642378.168950791, 731818.77879738 7642353.482040097, 732221.6620596203 7642217.659231423, 732208.3298921892 7642191.306682236, 731800.5059437937 7642328.795129403)
3208.19695707
MULTIPOINT (732095.0637883223 7642445.422014962, 731972.7464362642 7642486.658491786, 731920.3244072816 7642473.484188716, 732194.2337541564 7642381.141963806, 732253.3512378713 7642330.364684111, 731891.8702117241 7642452.22968287, 731873.5973581376 7642427.542772177, 732261.6585619132 7642296.716878987, 732248.3263944823 7642270.364329799, 731855.3245045517 7642402.855861483, 731837.0516509664 7642378.168950791, 732234.9942270515 7642244.011780612, 732221.6620596203 7642217.659231423, 731818.77879738 7642353.482040097, 731800.5059437937 7642328.795129403, 732208.3298921892 7642191.306682236)
3182.53905929
MULTIPOINT (731800.5059437937 7642328.795129403, 732208.3298921892 7642191.306682236, 732221.6620596203 7642217.659231423, 731818.77879738 7642353.482040097, 731837.0516509664 7642378.168950791, 732234.9942270515 7642244.011780612, 732248.3263944823 7642270.364329799, 731855.3245045517 7642402.855861483, 731873.5973581376 7642427.542772177, 732261.6585619132 7642296.716878987, 732253.3512378713 7642330.364684111, 731891.8702117241 7642452.22968287, 731920.3244072816 7642473.484188716, 732194.2337541564 7642381.141963806, 732095.0637883223 7642445.422014962, 731972.7464362642 7642486.658491786)
3208.19695707
MULTIPOINT (732208.3298921892 7642191.306682236, 731800.5059437937 7642328.795129403, 731818.77879738 7642353.482040097, 732221.6620596203 7642217.659231423, 732234.9942270515 7642244.011780612, 731837.0516509664 7642378.168950791, 731855.3245045517 7642402.855861483, 732248.3263944823 7642270.364329799, 732261.6585619132 7642296.716878987, 731873.5973581376 7642427.542772177, 731891.8702117241 7642452.22968287, 732253.3512378713 7642330.364684111, 732194.2337541564 7642381.141963806, 731920.3244072816 7642473.484188716, 731972.7464362642 7642486.658491786, 732095.0637883223 7642445.422014962)
3182.53905929



3
[(731484.6465152723, 7641904.912154799), (731929.7697723656, 7641729.157776797), (732018.4210719224, 7642092.5393274985), (731571.2104834429, 7642038.523732759), (731484.6465152723, 7641904.912154799)]
116.203570806
22
MULTIPOINT (731906.8117055187 7641738.222638483, 731932.7454318847 7641741.355000931, 731940.1465436481 7641771.692147514, 731849.7100050349 7641760.768919073, 731792.6083045522 7641783.315199662, 731947.5476554112 7641802.029294097, 731954.9487671747 7641832.366440682, 731735.5066040661 7641805.861480253, 731678.4049035814 7641828.407760843, 731962.3498789384 7641862.703587266, 731969.750990702 7641893.040733851, 731621.3032030956 7641850.954041434, 731564.2015026119 7641873.500322022, 731977.152102465 7641923.377880434, 731984.5532142285 7641953.715027017, 731507.0998021276 7641896.046602612, 731497.2039465426 7641924.294563469, 731991.954325992 7641984.052173601, 731999.3554377556 7642014.389320186, 731517.898997316 7641956.237396592, 731538.5940480893 7641988.180229716, 732006.756549519 7642044.726466769, 732014.1576612823 7642075.063613353, 731559.2890988615 7642020.123062838)
4380.75263391
MULTIPOINT (731932.7454318847 7641741.355000931, 731906.8117055187 7641738.222638483, 731849.7100050349 7641760.768919073, 731940.1465436481 7641771.692147514, 731947.5476554112 7641802.029294097, 731792.6083045522 7641783.315199662, 731735.5066040661 7641805.861480253, 731954.9487671747 7641832.366440682, 731962.3498789384 7641862.703587266, 731678.4049035814 7641828.407760843, 731621.3032030956 7641850.954041434, 731969.750990702 7641893.040733851, 731977.152102465 7641923.377880434, 731564.2015026119 7641873.500322022, 731507.0998021276 7641896.046602612, 731984.5532142285 7641953.715027017, 731991.954325992 7641984.052173601, 731497.2039465426 7641924.294563469, 731517.898997316 7641956.237396592, 731999.3554377556 7642014.389320186, 732006.756549519 7642044.726466769, 731538.5940480893 7641988.180229716, 731559.2890988615 7642020.123062838, 732014.1576612823 7642075.063613353)
4419.04711792
MULTIPOINT (731559.2890988615 7642020.123062838, 732014.1576612823 7642075.063613353, 732006.756549519 7642044.726466769, 731538.5940480893 7641988.180229716, 731517.898997316 7641956.237396592, 731999.3554377556 7642014.389320186, 731991.954325992 7641984.052173601, 731497.2039465426 7641924.294563469, 731507.0998021276 7641896.046602612, 731984.5532142285 7641953.715027017, 731977.152102465 7641923.377880434, 731564.2015026119 7641873.500322022, 731621.3032030956 7641850.954041434, 731969.750990702 7641893.040733851, 731962.3498789384 7641862.703587266, 731678.4049035814 7641828.407760843, 731735.5066040661 7641805.861480253, 731954.9487671747 7641832.366440682, 731947.5476554112 7641802.029294097, 731792.6083045522 7641783.315199662, 731849.7100050349 7641760.768919073, 731940.1465436481 7641771.692147514, 731932.7454318847 7641741.355000931, 731906.8117055187 7641738.222638483)
4380.75263391
MULTIPOINT (732014.1576612823 7642075.063613353, 731559.2890988615 7642020.123062838, 731538.5940480893 7641988.180229716, 732006.756549519 7642044.726466769, 731999.3554377556 7642014.389320186, 731517.898997316 7641956.237396592, 731497.2039465426 7641924.294563469, 731991.954325992 7641984.052173601, 731984.5532142285 7641953.715027017, 731507.0998021276 7641896.046602612, 731564.2015026119 7641873.500322022, 731977.152102465 7641923.377880434, 731969.750990702 7641893.040733851, 731621.3032030956 7641850.954041434, 731678.4049035814 7641828.407760843, 731962.3498789384 7641862.703587266, 731954.9487671747 7641832.366440682, 731735.5066040661 7641805.861480253, 731792.6083045522 7641783.315199662, 731947.5476554112 7641802.029294097, 731940.1465436481 7641771.692147514, 731849.7100050349 7641760.768919073, 731906.8117055187 7641738.222638483, 731932.7454318847 7641741.355000931)
4419.04711792



4
[(733167.1352561803, 7642099.938509791), (733342.9439061463, 7642503.564382995), (733026.2226166531, 7642201.677858565), (733167.1352561803, 7642099.938509791)]
37.3813223655
10
MULTIPOINT (733040.7692535261 7642191.175143072, 733058.9182612997 7642232.842086717, 733113.4356405971 7642284.805951172, 733065.024610118 7642173.662702795, 733089.2799667112 7642156.150262518, 733167.9530198971 7642336.769815628, 733222.4703991966 7642388.733680085, 733113.5353233039 7642138.637822241, 733137.7906798969 7642121.125381963, 733276.9877784961 7642440.697544542, 733331.5051577936 7642492.661408996, 733162.046036489 7642103.612941687)
1695.18084346
MULTIPOINT (733058.9182612997 7642232.842086717, 733040.7692535261 7642191.175143072, 733065.024610118 7642173.662702795, 733113.4356405971 7642284.805951172, 733167.9530198971 7642336.769815628, 733089.2799667112 7642156.150262518, 733113.5353233039 7642138.637822241, 733222.4703991966 7642388.733680085, 733276.9877784961 7642440.697544542, 733137.7906798969 7642121.125381963, 733162.046036489 7642103.612941687, 733331.5051577936 7642492.661408996)
1649.78226944
MULTIPOINT (733162.046036489 7642103.612941687, 733331.5051577936 7642492.661408996, 733276.9877784961 7642440.697544542, 733137.7906798969 7642121.125381963, 733113.5353233039 7642138.637822241, 733222.4703991966 7642388.733680085, 733167.9530198971 7642336.769815628, 733089.2799667112 7642156.150262518, 733065.024610118 7642173.662702795, 733113.4356405971 7642284.805951172, 733058.9182612997 7642232.842086717, 733040.7692535261 7642191.175143072)
1695.18084346
MULTIPOINT (733331.5051577936 7642492.661408996, 733162.046036489 7642103.612941687, 733137.7906798969 7642121.125381963, 733276.9877784961 7642440.697544542, 733222.4703991966 7642388.733680085, 733113.5353233039 7642138.637822241, 733089.2799667112 7642156.150262518, 733167.9530198971 7642336.769815628, 733113.4356405971 7642284.805951172, 733065.024610118 7642173.662702795, 733040.7692535261 7642191.175143072, 733058.9182612997 7642232.842086717)
1649.78226944



5
[(732103.0986880165, 7643056.208048822), (732050.3561984398, 7643027.7798542995), (732039.904684984, 7642982.564752398), (732125.2792061061, 7642936.678077664), (732218.8861274098, 7643009.283364071), (732103.0986880165, 7643056.208048822)]
12.0369593418
4
MULTIPOINT (732043.8370676022 7642999.576937432, 732150.5929497839 7642956.312433587, 732177.3012512209 7642977.028464499, 732051.092319312 7643028.176623347, 732084.4939282463 7643046.180085902, 732204.0095526585 7642997.744495411)
452.071577676
MULTIPOINT (732150.5929497839 7642956.312433587, 732043.8370676022 7642999.576937432, 732051.092319312 7643028.176623347, 732177.3012512209 7642977.028464499, 732204.0095526585 7642997.744495411, 732084.4939282463 7643046.180085902)
443.632589358
MULTIPOINT (732204.0095526585 7642997.744495411, 732084.4939282463 7643046.180085902, 732051.092319312 7643028.176623347, 732177.3012512209 7642977.028464499, 732150.5929497839 7642956.312433587, 732043.8370676022 7642999.576937432)
452.071577676
MULTIPOINT (732084.4939282463 7643046.180085902, 732204.0095526585 7642997.744495411, 732177.3012512209 7642977.028464499, 732051.092319312 7643028.176623347, 732043.8370676022 7642999.576937432, 732150.5929497839 7642956.312433587)
443.632589358
