721416.42227
7644448.77066
721841.42639,721883.22214,721919.56888,721803.07248,721792.05464,721955.91562,721991.72751,721813.21934,721834.38404,722019.62680,722047.52609,721855.54874,721876.71344,722075.42539,722103.32468,721897.87814,721919.04285,722123.91940,722137.11746,721940.20755
7644917.74824,7644866.52231,7644868.21267,7645010.99359,7645070.73518,7644869.90304,7644872.24892,7645091.03303,7645111.33087,7644884.29268,7644896.33645,7645131.62872,7645151.92657,7644908.38021,7644920.42397,7645172.22442,7645192.52226,7644941.42040,7644971.48237,7645212.82011
721883.22214,721841.42639,721803.07248,721919.56888,721955.91562,721792.05464,721813.21934,721991.72751,722019.62680,721834.38404,721855.54874,722047.52609,722075.42539,721876.71344,721897.87814,722103.32468,722123.91940,721919.04285,721940.20755,722137.11746
7644866.52231,7644917.74824,7645010.99359,7644868.21267,7644869.90304,7645070.73518,7645091.03303,7644872.24892,7644884.29268,7645111.33087,7645131.62872,7644896.33645,7644908.38021,7645151.92657,7645172.22442,7644920.42397,7644941.42040,7645192.52226,7645212.82011,7644971.48237
721940.20755,722137.11746,722123.91940,721919.04285,721897.87814,722103.32468,722075.42539,721876.71344,721855.54874,722047.52609,722019.62680,721834.38404,721813.21934,721991.72751,721955.91562,721792.05464,721803.07248,721919.56888,721883.22214,721841.42639
7645212.82011,7644971.48237,7644941.42040,7645192.52226,7645172.22442,7644920.42397,7644908.38021,7645151.92657,7645131.62872,7644896.33645,7644884.29268,7645111.33087,7645091.03303,7644872.24892,7644869.90304,7645070.73518,7645010.99359,7644868.21267,7644866.52231,7644917.74824
722137.11746,721940.20755,721919.04285,722123.91940,722103.32468,721897.87814,721876.71344,722075.42539,722047.52609,721855.54874,721834.38404,722019.62680,721991.72751,721813.21934,721792.05464,721955.91562,721919.56888,721803.07248,721841.42639,721883.22214
7644971.48237,7645212.82011,7645192.52226,7644941.42040,7644920.42397,7645172.22442,7645151.92657,7644908.38021,7644896.33645,7645131.62872,7645111.33087,7644884.29268,7644872.24892,7645091.03303,7645070.73518,7644869.90304,7644868.21267,7645010.99359,7644917.74824,7644866.52231
721810.21509,721846.98798,721892.55417,721817.91887,721848.31369,721922.05629
7644767.18674,7644677.31334,7644643.13817,7644825.54773,7644828.45156,7644648.22376
721846.98798,721810.21509,721817.91887,721892.55417,721922.05629,721848.31369
7644677.31334,7644767.18674,7644825.54773,7644643.13817,7644648.22376,7644828.45156
721922.05629,721848.31369,721817.91887,721892.55417,721846.98798,721810.21509
7644648.22376,7644828.45156,7644825.54773,7644643.13817,7644677.31334,7644767.18674
721848.31369,721922.05629,721892.55417,721817.91887,721810.21509,721846.98798
7644828.45156,7644648.22376,7644643.13817,7644825.54773,7644767.18674,7644677.31334
721351.88299,721352.84192,721384.90388,721372.68519,721393.48739,721416.96585,721449.02781,721414.28959,721435.09179,721481.08977,721513.15173,721455.89399,721480.69342,721545.21370,721577.27566,721506.26850,721531.84358,721609.33762,721641.39959,721561.79774,721597.22783,721673.46155,721691.14188,721638.52538
7644056.30263,7644061.95325,7644076.17363,7644004.17381,7643952.04499,7644090.39401,7644104.61440,7643899.91617,7643847.78735,7644118.83478,7644133.05516,7643795.65853,7643767.08375,7644147.27555,7644161.49593,7643743.07954,7643719.07534,7644175.71631,7644189.93670,7643720.87533,7643754.94272,7644204.15708,7644133.63234,7643823.58465
721352.84192,721351.88299,721372.68519,721384.90388,721416.96585,721393.48739,721414.28959,721449.02781,721481.08977,721435.09179,721455.89399,721513.15173,721545.21370,721480.69342,721506.26850,721577.27566,721609.33762,721531.84358,721561.79774,721641.39959,721673.46155,721597.22783,721638.52538,721691.14188
7644061.95325,7644056.30263,7644004.17381,7644076.17363,7644090.39401,7643952.04499,7643899.91617,7644104.61440,7644118.83478,7643847.78735,7643795.65853,7644133.05516,7644147.27555,7643767.08375,7643743.07954,7644161.49593,7644175.71631,7643719.07534,7643720.87533,7644189.93670,7644204.15708,7643754.94272,7643823.58465,7644133.63234
721638.52538,721691.14188,721673.46155,721597.22783,721561.79774,721641.39959,721609.33762,721531.84358,721506.26850,721577.27566,721545.21370,721480.69342,721455.89399,721513.15173,721481.08977,721435.09179,721414.28959,721449.02781,721416.96585,721393.48739,721372.68519,721384.90388,721352.84192,721351.88299
7643823.58465,7644133.63234,7644204.15708,7643754.94272,7643720.87533,7644189.93670,7644175.71631,7643719.07534,7643743.07954,7644161.49593,7644147.27555,7643767.08375,7643795.65853,7644133.05516,7644118.83478,7643847.78735,7643899.91617,7644104.61440,7644090.39401,7643952.04499,7644004.17381,7644076.17363,7644061.95325,7644056.30263
721691.14188,721638.52538,721597.22783,721673.46155,721641.39959,721561.79774,721531.84358,721609.33762,721577.27566,721506.26850,721480.69342,721545.21370,721513.15173,721455.89399,721435.09179,721481.08977,721449.02781,721414.28959,721393.48739,721416.96585,721384.90388,721372.68519,721351.88299,721352.84192
7644133.63234,7643823.58465,7643754.94272,7644204.15708,7644189.93670,7643720.87533,7643719.07534,7644175.71631,7644161.49593,7643743.07954,7643767.08375,7644147.27555,7644133.05516,7643795.65853,7643847.78735,7644118.83478,7644104.61440,7643899.91617,7643952.04499,7644090.39401,7644076.17363,7644004.17381,7644056.30263,7644061.95325
721289.31468,721274.41365,721292.45986,721335.54711,721381.77954,721310.50608,721328.55229,721428.01197,721474.24440,721346.59851,721364.64472,721498.38625,721514.31002,721382.69094
7644680.09202,7644654.71482,7644627.71947,7644701.09920,7644722.10639,7644600.72413,7644573.72879,7644743.11357,7644764.12076,7644546.73344,7644519.73810,7644747.50658,7644716.89661,7644492.74276
721274.41365,721289.31468,721335.54711,721292.45986,721310.50608,721381.77954,721428.01197,721328.55229,721346.59851,721474.24440,721498.38625,721364.64472,721382.69094,721514.31002
7644654.71482,7644680.09202,7644701.09920,7644627.71947,7644600.72413,7644722.10639,7644743.11357,7644573.72879,7644546.73344,7644764.12076,7644747.50658,7644519.73810,7644492.74276,7644716.89661
721382.69094,721514.31002,721498.38625,721364.64472,721346.59851,721474.24440,721428.01197,721328.55229,721310.50608,721381.77954,721335.54711,721292.45986,721274.41365,721289.31468
7644492.74276,7644716.89661,7644747.50658,7644519.73810,7644546.73344,7644764.12076,7644743.11357,7644573.72879,7644600.72413,7644722.10639,7644701.09920,7644627.71947,7644654.71482,7644680.09202
721514.31002,721382.69094,721364.64472,721498.38625,721474.24440,721346.59851,721328.55229,721428.01197,721381.77954,721310.50608,721292.45986,721335.54711,721289.31468,721274.41365
7644716.89661,7644492.74276,7644519.73810,7644747.50658,7644764.12076,7644546.73344,7644573.72879,7644743.11357,7644722.10639,7644600.72413,7644627.71947,7644701.09920,7644680.09202,7644654.71482
720962.53857,721023.52629,721045.84436,720929.96339,720897.38822,721068.16243,721090.48050,720864.81304,720856.14055,721112.79857,721135.11665,720866.02869
7644126.40924,7644174.77719,7644155.16957,7644063.26707,7644000.12489,7644135.56195,7644115.95433,7643936.98271,7643892.79719,7644096.34671,7644076.73909,7643863.33168
721023.52629,720962.53857,720929.96339,721045.84436,721068.16243,720897.38822,720864.81304,721090.48050,721112.79857,720856.14055,720866.02869,721135.11665
7644174.77719,7644126.40924,7644063.26707,7644155.16957,7644135.56195,7644000.12489,7643936.98271,7644115.95433,7644096.34671,7643892.79719,7643863.33168,7644076.73909
720866.02869,721135.11665,721112.79857,720856.14055,720864.81304,721090.48050,721068.16243,720897.38822,720929.96339,721045.84436,721023.52629,720962.53857
7643863.33168,7644076.73909,7644096.34671,7643892.79719,7643936.98271,7644115.95433,7644135.56195,7644000.12489,7644063.26707,7644155.16957,7644174.77719,7644126.40924
721135.11665,720866.02869,720856.14055,721112.79857,721090.48050,720864.81304,720897.38822,721068.16243,721045.84436,720929.96339,720962.53857,721023.52629
7644076.73909,7643863.33168,7643892.79719,7644096.34671,7644115.95433,7643936.98271,7644000.12489,7644135.56195,7644155.16957,7644063.26707,7644126.40924,7644174.77719
