731581.550388 7638205.550644
730846.934106 7637798.241963
730857.122957 7637791.286797
731062.808781 7637934.015655
730728.700670 7638162.086249
731485.738993 7637689.126384
731460.080801 7637682.409603
731150.157174 7636996.963188
732168.561266 7637263.560215
730436.903906 7639102.359126
730427.286566 7639209.639872
730110.462184 7638487.921606
730038.361606 7639292.198420
729127.371991 7638901.903898
729122.672953 7638912.480770
729407.934339 7639422.323469
729804.417615 7638529.895612
731323.243085 7638446.414112
731318.620667 7638450.186260
731644.589149 7638674.649816
731214.297099 7639025.791876
