721416.422267 7644448.770664
721841.426385 7644917.748241
721883.222143 7644866.522309
721940.207547 7645212.820113
722137.117458 7644971.482370
721810.215088 7644767.186745
721846.987985 7644677.313342
721922.056288 7644648.223764
721848.313692 7644828.451559
721351.882986 7644056.302635
721352.841921 7644061.953247
721638.525380 7643823.584653
721691.141879 7644133.632343
721289.314682 7644680.092021
721274.413647 7644654.714816
721382.690936 7644492.742756
721514.310018 7644716.896607
720962.538569 7644126.409244
721023.526288 7644174.777188
720866.028688 7643863.331679
721135.116646 7644076.739090
