731581.55039
7638205.55064
730846.93411,730857.12296,730882.83369,730832.15493,730817.37575,730908.54441,730934.25514,730802.59657,730787.81739,730959.96587,730985.67660,730773.03821,730758.25903,731011.38732,731037.09805,730743.47985,730728.70067,731062.80878
7637798.24196,7637791.28680,7637809.12790,7637843.72250,7637889.20303,7637826.96901,7637844.81012,7637934.68357,7637980.16411,7637862.65123,7637880.49233,7638025.64464,7638071.12518,7637898.33344,7637916.17455,7638116.60571,7638162.08625,7637934.01566
730857.12296,730846.93411,730832.15493,730882.83369,730908.54441,730817.37575,730802.59657,730934.25514,730959.96587,730787.81739,730773.03821,730985.67660,731011.38732,730758.25903,730743.47985,731037.09805,731062.80878,730728.70067
7637791.28680,7637798.24196,7637843.72250,7637809.12790,7637826.96901,7637889.20303,7637934.68357,7637844.81012,7637862.65123,7637980.16411,7638025.64464,7637880.49233,7637898.33344,7638071.12518,7638116.60571,7637916.17455,7637934.01566,7638162.08625
731062.80878,730728.70067,730743.47985,731037.09805,731011.38732,730758.25903,730773.03821,730985.67660,730959.96587,730787.81739,730802.59657,730934.25514,730908.54441,730817.37575,730832.15493,730882.83369,730857.12296,730846.93411
7637934.01566,7638162.08625,7638116.60571,7637916.17455,7637898.33344,7638071.12518,7638025.64464,7637880.49233,7637862.65123,7637980.16411,7637934.68357,7637844.81012,7637826.96901,7637889.20303,7637843.72250,7637809.12790,7637791.28680,7637798.24196
730728.70067,731062.80878,731037.09805,730743.47985,730758.25903,731011.38732,730985.67660,730773.03821,730787.81739,730959.96587,730934.25514,730802.59657,730817.37575,730908.54441,730882.83369,730832.15493,730846.93411,730857.12296
7638162.08625,7637934.01566,7637916.17455,7638116.60571,7638071.12518,7637898.33344,7637880.49233,7638025.64464,7637980.16411,7637862.65123,7637844.81012,7637934.68357,7637889.20303,7637826.96901,7637809.12790,7637843.72250,7637798.24196,7637791.28680
731485.73899,731460.08080,731444.58462,731519.88011,731554.02122,731429.08844,731413.59226,731588.16233,731622.30345,731398.09608,731382.59989,731656.44456,731690.58567,731367.10371,731351.60753,731724.72679,731758.86790,731336.11135,731320.61517,731793.00902,731827.15013,731305.11899,731289.62281,731861.29124,731895.43236,731274.12662,731258.63044,731929.57347,731963.71458,731243.13426,731227.63808,731997.85570,732031.99681,731212.14190,731196.64572,732066.13792,732100.27904,731181.14954,731165.65336,732134.42015,732168.56127,731150.15717
7637689.12638,7637682.40960,7637648.13728,7637667.84808,7637646.56977,7637613.86496,7637579.59264,7637625.29146,7637604.01315,7637545.32032,7637511.04800,7637582.73484,7637561.45653,7637476.77568,7637442.50336,7637540.17823,7637518.89992,7637408.23104,7637373.95872,7637497.62161,7637476.34330,7637339.68640,7637305.41407,7637455.06499,7637433.78668,7637271.14175,7637236.86943,7637412.50837,7637391.23007,7637202.59711,7637168.32479,7637369.95176,7637348.67345,7637134.05247,7637099.78015,7637327.39514,7637306.11683,7637065.50783,7637031.23551,7637284.83852,7637263.56022,7636996.96319
731460.08080,731485.73899,731519.88011,731444.58462,731429.08844,731554.02122,731588.16233,731413.59226,731398.09608,731622.30345,731656.44456,731382.59989,731367.10371,731690.58567,731724.72679,731351.60753,731336.11135,731758.86790,731793.00902,731320.61517,731305.11899,731827.15013,731861.29124,731289.62281,731274.12662,731895.43236,731929.57347,731258.63044,731243.13426,731963.71458,731997.85570,731227.63808,731212.14190,732031.99681,732066.13792,731196.64572,731181.14954,732100.27904,732134.42015,731165.65336,731150.15717,732168.56127
7637682.40960,7637689.12638,7637667.84808,7637648.13728,7637613.86496,7637646.56977,7637625.29146,7637579.59264,7637545.32032,7637604.01315,7637582.73484,7637511.04800,7637476.77568,7637561.45653,7637540.17823,7637442.50336,7637408.23104,7637518.89992,7637497.62161,7637373.95872,7637339.68640,7637476.34330,7637455.06499,7637305.41407,7637271.14175,7637433.78668,7637412.50837,7637236.86943,7637202.59711,7637391.23007,7637369.95176,7637168.32479,7637134.05247,7637348.67345,7637327.39514,7637099.78015,7637065.50783,7637306.11683,7637284.83852,7637031.23551,7636996.96319,7637263.56022
731150.15717,732168.56127,732134.42015,731165.65336,731181.14954,732100.27904,732066.13792,731196.64572,731212.14190,732031.99681,731997.85570,731227.63808,731243.13426,731963.71458,731929.57347,731258.63044,731274.12662,731895.43236,731861.29124,731289.62281,731305.11899,731827.15013,731793.00902,731320.61517,731336.11135,731758.86790,731724.72679,731351.60753,731367.10371,731690.58567,731656.44456,731382.59989,731398.09608,731622.30345,731588.16233,731413.59226,731429.08844,731554.02122,731519.88011,731444.58462,731460.08080,731485.73899
7636996.96319,7637263.56022,7637284.83852,7637031.23551,7637065.50783,7637306.11683,7637327.39514,7637099.78015,7637134.05247,7637348.67345,7637369.95176,7637168.32479,7637202.59711,7637391.23007,7637412.50837,7637236.86943,7637271.14175,7637433.78668,7637455.06499,7637305.41407,7637339.68640,7637476.34330,7637497.62161,7637373.95872,7637408.23104,7637518.89992,7637540.17823,7637442.50336,7637476.77568,7637561.45653,7637582.73484,7637511.04800,7637545.32032,7637604.01315,7637625.29146,7637579.59264,7637613.86496,7637646.56977,7637667.84808,7637648.13728,7637682.40960,7637689.12638
732168.56127,731150.15717,731165.65336,732134.42015,732100.27904,731181.14954,731196.64572,732066.13792,732031.99681,731212.14190,731227.63808,731997.85570,731963.71458,731243.13426,731258.63044,731929.57347,731895.43236,731274.12662,731289.62281,731861.29124,731827.15013,731305.11899,731320.61517,731793.00902,731758.86790,731336.11135,731351.60753,731724.72679,731690.58567,731367.10371,731382.59989,731656.44456,731622.30345,731398.09608,731413.59226,731588.16233,731554.02122,731429.08844,731444.58462,731519.88011,731485.73899,731460.08080
7637263.56022,7636996.96319,7637031.23551,7637284.83852,7637306.11683,7637065.50783,7637099.78015,7637327.39514,7637348.67345,7637134.05247,7637168.32479,7637369.95176,7637391.23007,7637202.59711,7637236.86943,7637412.50837,7637433.78668,7637271.14175,7637305.41407,7637455.06499,7637476.34330,7637339.68640,7637373.95872,7637497.62161,7637518.89992,7637408.23104,7637442.50336,7637540.17823,7637561.45653,7637476.77568,7637511.04800,7637582.73484,7637604.01315,7637545.32032,7637579.59264,7637625.29146,7637646.56977,7637613.86496,7637648.13728,7637667.84808,7637689.12638,7637682.40960
730436.90391,730427.28657,730397.36926,730429.12601,730421.34812,730367.45196,730337.53465,730410.16581,730380.19545,730307.61735,730277.70004,730350.22509,730320.25473,730247.78274,730217.86543,730290.28436,730260.31400,730187.94813,730158.03082,730230.34364,730200.37327,730128.11352,730098.19621,730170.40291,730140.43255,730068.27891,730038.36161,730110.46218
7639102.35913,7639209.63987,7639215.99053,7638861.74623,7638621.13334,7639222.34119,7639228.69184,7638418.49640,7638425.43892,7639235.04250,7639241.39316,7638432.38144,7638439.32396,7639247.74382,7639254.09447,7638446.26648,7638453.20900,7639260.44513,7639266.79579,7638460.15152,7638467.09404,7639273.14645,7639279.49710,7638474.03657,7638480.97909,7639285.84776,7639292.19842,7638487.92161
730427.28657,730436.90391,730429.12601,730397.36926,730367.45196,730421.34812,730410.16581,730337.53465,730307.61735,730380.19545,730350.22509,730277.70004,730247.78274,730320.25473,730290.28436,730217.86543,730187.94813,730260.31400,730230.34364,730158.03082,730128.11352,730200.37327,730170.40291,730098.19621,730068.27891,730140.43255,730110.46218,730038.36161
7639209.63987,7639102.35913,7638861.74623,7639215.99053,7639222.34119,7638621.13334,7638418.49640,7639228.69184,7639235.04250,7638425.43892,7638432.38144,7639241.39316,7639247.74382,7638439.32396,7638446.26648,7639254.09447,7639260.44513,7638453.20900,7638460.15152,7639266.79579,7639273.14645,7638467.09404,7638474.03657,7639279.49710,7639285.84776,7638480.97909,7638487.92161,7639292.19842
730110.46218,730038.36161,730068.27891,730140.43255,730170.40291,730098.19621,730128.11352,730200.37327,730230.34364,730158.03082,730187.94813,730260.31400,730290.28436,730217.86543,730247.78274,730320.25473,730350.22509,730277.70004,730307.61735,730380.19545,730410.16581,730337.53465,730367.45196,730421.34812,730429.12601,730397.36926,730427.28657,730436.90391
7638487.92161,7639292.19842,7639285.84776,7638480.97909,7638474.03657,7639279.49710,7639273.14645,7638467.09404,7638460.15152,7639266.79579,7639260.44513,7638453.20900,7638446.26648,7639254.09447,7639247.74382,7638439.32396,7638432.38144,7639241.39316,7639235.04250,7638425.43892,7638418.49640,7639228.69184,7639222.34119,7638621.13334,7638861.74623,7639215.99053,7639209.63987,7639102.35913
730038.36161,730110.46218,730140.43255,730068.27891,730098.19621,730170.40291,730200.37327,730128.11352,730158.03082,730230.34364,730260.31400,730187.94813,730217.86543,730290.28436,730320.25473,730247.78274,730277.70004,730350.22509,730380.19545,730307.61735,730337.53465,730410.16581,730421.34812,730367.45196,730397.36926,730429.12601,730436.90391,730427.28657
7639292.19842,7638487.92161,7638480.97909,7639285.84776,7639279.49710,7638474.03657,7638467.09404,7639273.14645,7639266.79579,7638460.15152,7638453.20900,7639260.44513,7639254.09447,7638446.26648,7638439.32396,7639247.74382,7639241.39316,7638432.38144,7638425.43892,7639235.04250,7639228.69184,7638418.49640,7638621.13334,7639222.34119,7639215.99053,7638861.74623,7639102.35913,7639209.63987
729127.37199,729122.67295,729139.21906,729186.46466,729245.55733,729155.76517,729172.31127,729304.65001,729359.63995,729188.85738,729205.40349,729396.70475,729433.76956,729221.94960,729238.49570,729470.83436,729507.89917,729255.04181,729271.58792,729544.96398,729582.02878,729288.13403,729304.68013,729619.09359,729656.15839,729321.22624,729337.77235,729693.22320,729730.28800,729354.31846,729373.25715,729767.35281,729804.41762,729407.93434
7638901.90390,7638912.48077,7638947.23318,7638840.89000,7638779.87611,7638981.98559,7639016.73800,7638718.86221,7638667.08298,7639051.49041,7639086.24282,7638655.65070,7638644.21842,7639120.99524,7639155.74765,7638632.78614,7638621.35386,7639190.50006,7639225.25247,7638609.92158,7638598.48930,7639260.00488,7639294.75729,7638587.05702,7638575.62474,7639329.50970,7639364.26211,7638564.19245,7638552.76017,7639399.01452,7639428.38156,7638541.32789,7638529.89561,7639422.32347
729122.67295,729127.37199,729186.46466,729139.21906,729155.76517,729245.55733,729304.65001,729172.31127,729188.85738,729359.63995,729396.70475,729205.40349,729221.94960,729433.76956,729470.83436,729238.49570,729255.04181,729507.89917,729544.96398,729271.58792,729288.13403,729582.02878,729619.09359,729304.68013,729321.22624,729656.15839,729693.22320,729337.77235,729354.31846,729730.28800,729767.35281,729373.25715,729407.93434,729804.41762
7638912.48077,7638901.90390,7638840.89000,7638947.23318,7638981.98559,7638779.87611,7638718.86221,7639016.73800,7639051.49041,7638667.08298,7638655.65070,7639086.24282,7639120.99524,7638644.21842,7638632.78614,7639155.74765,7639190.50006,7638621.35386,7638609.92158,7639225.25247,7639260.00488,7638598.48930,7638587.05702,7639294.75729,7639329.50970,7638575.62474,7638564.19245,7639364.26211,7639399.01452,7638552.76017,7638541.32789,7639428.38156,7639422.32347,7638529.89561
729407.93434,729804.41762,729767.35281,729373.25715,729354.31846,729730.28800,729693.22320,729337.77235,729321.22624,729656.15839,729619.09359,729304.68013,729288.13403,729582.02878,729544.96398,729271.58792,729255.04181,729507.89917,729470.83436,729238.49570,729221.94960,729433.76956,729396.70475,729205.40349,729188.85738,729359.63995,729304.65001,729172.31127,729155.76517,729245.55733,729186.46466,729139.21906,729122.67295,729127.37199
7639422.32347,7638529.89561,7638541.32789,7639428.38156,7639399.01452,7638552.76017,7638564.19245,7639364.26211,7639329.50970,7638575.62474,7638587.05702,7639294.75729,7639260.00488,7638598.48930,7638609.92158,7639225.25247,7639190.50006,7638621.35386,7638632.78614,7639155.74765,7639120.99524,7638644.21842,7638655.65070,7639086.24282,7639051.49041,7638667.08298,7638718.86221,7639016.73800,7638981.98559,7638779.87611,7638840.89000,7638947.23318,7638912.48077,7638901.90390
729804.41762,729407.93434,729373.25715,729767.35281,729730.28800,729354.31846,729337.77235,729693.22320,729656.15839,729321.22624,729304.68013,729619.09359,729582.02878,729288.13403,729271.58792,729544.96398,729507.89917,729255.04181,729238.49570,729470.83436,729433.76956,729221.94960,729205.40349,729396.70475,729359.63995,729188.85738,729172.31127,729304.65001,729245.55733,729155.76517,729139.21906,729186.46466,729127.37199,729122.67295
7638529.89561,7639422.32347,7639428.38156,7638541.32789,7638552.76017,7639399.01452,7639364.26211,7638564.19245,7638575.62474,7639329.50970,7639294.75729,7638587.05702,7638598.48930,7639260.00488,7639225.25247,7638609.92158,7638621.35386,7639190.50006,7639155.74765,7638632.78614,7638644.21842,7639120.99524,7639086.24282,7638655.65070,7638667.08298,7639051.49041,7639016.73800,7638718.86221,7638779.87611,7638981.98559,7638947.23318,7638840.89000,7638901.90390,7638912.48077
731323.24309,731318.62067,731280.86413,731347.96201,731372.68094,731243.10759,731205.35105,731397.39987,731422.11880,731167.59451,731129.83797,731446.83773,731471.55665,731092.08143,731078.49313,731496.27558,731520.99451,731101.12712,731123.76112,731545.71344,731570.43236,731146.39511,731169.02911,731595.15129,731619.87022,731191.66310,731214.29710,731644.58915
7638446.41411,7638450.18626,7638518.72628,7638463.97070,7638481.52730,7638587.26630,7638655.80633,7638499.08389,7638516.64048,7638724.34635,7638792.88637,7638534.19707,7638551.75367,7638861.42639,7638910.24380,7638569.31026,7638586.86685,7638929.50181,7638948.75982,7638604.42345,7638621.98004,7638968.01784,7638987.27585,7638639.53663,7638657.09322,7639006.53386,7639025.79188,7638674.64982
731318.62067,731323.24309,731347.96201,731280.86413,731243.10759,731372.68094,731397.39987,731205.35105,731167.59451,731422.11880,731446.83773,731129.83797,731092.08143,731471.55665,731496.27558,731078.49313,731101.12712,731520.99451,731545.71344,731123.76112,731146.39511,731570.43236,731595.15129,731169.02911,731191.66310,731619.87022,731644.58915,731214.29710
7638450.18626,7638446.41411,7638463.97070,7638518.72628,7638587.26630,7638481.52730,7638499.08389,7638655.80633,7638724.34635,7638516.64048,7638534.19707,7638792.88637,7638861.42639,7638551.75367,7638569.31026,7638910.24380,7638929.50181,7638586.86685,7638604.42345,7638948.75982,7638968.01784,7638621.98004,7638639.53663,7638987.27585,7639006.53386,7638657.09322,7638674.64982,7639025.79188
731644.58915,731214.29710,731191.66310,731619.87022,731595.15129,731169.02911,731146.39511,731570.43236,731545.71344,731123.76112,731101.12712,731520.99451,731496.27558,731078.49313,731092.08143,731471.55665,731446.83773,731129.83797,731167.59451,731422.11880,731397.39987,731205.35105,731243.10759,731372.68094,731347.96201,731280.86413,731318.62067,731323.24309
7638674.64982,7639025.79188,7639006.53386,7638657.09322,7638639.53663,7638987.27585,7638968.01784,7638621.98004,7638604.42345,7638948.75982,7638929.50181,7638586.86685,7638569.31026,7638910.24380,7638861.42639,7638551.75367,7638534.19707,7638792.88637,7638724.34635,7638516.64048,7638499.08389,7638655.80633,7638587.26630,7638481.52730,7638463.97070,7638518.72628,7638450.18626,7638446.41411
731214.29710,731644.58915,731619.87022,731191.66310,731169.02911,731595.15129,731570.43236,731146.39511,731123.76112,731545.71344,731520.99451,731101.12712,731078.49313,731496.27558,731471.55665,731092.08143,731129.83797,731446.83773,731422.11880,731167.59451,731205.35105,731397.39987,731372.68094,731243.10759,731280.86413,731347.96201,731323.24309,731318.62067
7639025.79188,7638674.64982,7638657.09322,7639006.53386,7638987.27585,7638639.53663,7638621.98004,7638968.01784,7638948.75982,7638604.42345,7638586.86685,7638929.50181,7638910.24380,7638569.31026,7638551.75367,7638861.42639,7638792.88637,7638534.19707,7638516.64048,7638724.34635,7638655.80633,7638499.08389,7638481.52730,7638587.26630,7638518.72628,7638463.97070,7638446.41411,7638450.18626
