


1
[(730727.1232263118, 7638166.9405784), (730850.6531283484, 7637786.797273563), (731065.5529950458, 7637935.91991166), (730727.1232263118, 7638166.9405784)]
50.0569252055
16
MULTIPOINT (730846.9341062494 7637798.241962891, 730857.1229574356 7637791.286796969, 730882.8336853414 7637809.127904234, 730832.1549267723 7637843.722498668, 730817.3757472951 7637889.203034447, 730908.5444132475 7637826.969011497, 730934.2551411542 7637844.810118761, 730802.5965678176 7637934.683570226, 730787.8173883407 7637980.164106003, 730959.9658690598 7637862.651226025, 730985.6765969653 7637880.492333288, 730773.0382088639 7638025.644641779, 730758.2590293863 7638071.125177559, 731011.3873248721 7637898.333440552, 731037.0980527782 7637916.174547817, 730743.4798499092 7638116.605713337, 730728.7006704324 7638162.086249114, 731062.8087806836 7637934.01565508)
2192.36268276
MULTIPOINT (730857.1229574356 7637791.286796969, 730846.9341062494 7637798.241962891, 730832.1549267723 7637843.722498668, 730882.8336853414 7637809.127904234, 730908.5444132475 7637826.969011497, 730817.3757472951 7637889.203034447, 730802.5965678176 7637934.683570226, 730934.2551411542 7637844.810118761, 730959.9658690598 7637862.651226025, 730787.8173883407 7637980.164106003, 730773.0382088639 7638025.644641779, 730985.6765969653 7637880.492333288, 731011.3873248721 7637898.333440552, 730758.2590293863 7638071.125177559, 730743.4798499092 7638116.605713337, 731037.0980527782 7637916.174547817, 731062.8087806836 7637934.01565508, 730728.7006704324 7638162.086249114)
2192.36268276
MULTIPOINT (731062.8087806836 7637934.01565508, 730728.7006704324 7638162.086249114, 730743.4798499092 7638116.605713337, 731037.0980527782 7637916.174547817, 731011.3873248721 7637898.333440552, 730758.2590293863 7638071.125177559, 730773.0382088639 7638025.644641779, 730985.6765969653 7637880.492333288, 730959.9658690598 7637862.651226025, 730787.8173883407 7637980.164106003, 730802.5965678176 7637934.683570226, 730934.2551411542 7637844.810118761, 730908.5444132475 7637826.969011497, 730817.3757472951 7637889.203034447, 730832.1549267723 7637843.722498668, 730882.8336853414 7637809.127904234, 730857.1229574356 7637791.286796969, 730846.9341062494 7637798.241962891)
2192.36268276
MULTIPOINT (730728.7006704324 7638162.086249114, 731062.8087806836 7637934.01565508, 731037.0980527782 7637916.174547817, 730743.4798499092 7638116.605713337, 730758.2590293863 7638071.125177559, 731011.3873248721 7637898.333440552, 730985.6765969653 7637880.492333288, 730773.0382088639 7638025.644641779, 730787.8173883407 7637980.164106003, 730959.9658690598 7637862.651226025, 730934.2551411542 7637844.810118761, 730802.5965678176 7637934.683570226, 730817.3757472951 7637889.203034447, 730908.5444132475 7637826.969011497, 730882.8336853414 7637809.127904234, 730832.1549267723 7637843.722498668, 730846.9341062494 7637798.241962891, 730857.1229574356 7637791.286796969)
2192.36268276



2
[(731468.0909876837, 7637700.125431151), (731144.7963570191, 7636985.106871532), (732180.3721916042, 7637256.199104063), (731468.0909876837, 7637700.125431151)]
326.406639215
40
MULTIPOINT (731485.7389931539 7637689.126384418, 731460.0808010059 7637682.409602934, 731444.5846196421 7637648.137282185, 731519.8801067731 7637667.848075952, 731554.0212203918 7637646.569767486, 731429.0884382786 7637613.864961437, 731413.5922569144 7637579.592640688, 731588.162334012 7637625.291459019, 731622.3034476322 7637604.013150553, 731398.0960755502 7637545.320319938, 731382.5998941864 7637511.04799919, 731656.4445612513 7637582.734842087, 731690.5856748715 7637561.45653362, 731367.1037128221 7637476.775678441, 731351.6075314584 7637442.503357693, 731724.7267884905 7637540.178225154, 731758.8679021108 7637518.899916687, 731336.1113500941 7637408.231036943, 731320.6151687303 7637373.958716195, 731793.00901573 7637497.621608221, 731827.1501293503 7637476.343299754, 731305.118987366 7637339.686395446, 731289.6228060022 7637305.414074698, 731861.2912429693 7637455.064991288, 731895.4323565896 7637433.786682821, 731274.126624638 7637271.141753948, 731258.6304432742 7637236.8694332, 731929.5734702088 7637412.508374355, 731963.7145838289 7637391.230065889, 731243.1342619099 7637202.597112451, 731227.6380805461 7637168.324791702, 731997.8556974481 7637369.951757422, 732031.9968110673 7637348.673448956, 731212.1418991823 7637134.052470954, 731196.6457178181 7637099.780150205, 732066.1379246876 7637327.39514049, 732100.2790383077 7637306.116832023, 731181.1495364538 7637065.507829456, 731165.6533550895 7637031.235508706, 732134.4201519269 7637284.838523556, 732168.5612655451 7637263.56021509, 731150.1571737266 7636996.96318796)
12110.4758597
MULTIPOINT (731460.0808010059 7637682.409602934, 731485.7389931539 7637689.126384418, 731519.8801067731 7637667.848075952, 731444.5846196421 7637648.137282185, 731429.0884382786 7637613.864961437, 731554.0212203918 7637646.569767486, 731588.162334012 7637625.291459019, 731413.5922569144 7637579.592640688, 731398.0960755502 7637545.320319938, 731622.3034476322 7637604.013150553, 731656.4445612513 7637582.734842087, 731382.5998941864 7637511.04799919, 731367.1037128221 7637476.775678441, 731690.5856748715 7637561.45653362, 731724.7267884905 7637540.178225154, 731351.6075314584 7637442.503357693, 731336.1113500941 7637408.231036943, 731758.8679021108 7637518.899916687, 731793.00901573 7637497.621608221, 731320.6151687303 7637373.958716195, 731305.118987366 7637339.686395446, 731827.1501293503 7637476.343299754, 731861.2912429693 7637455.064991288, 731289.6228060022 7637305.414074698, 731274.126624638 7637271.141753948, 731895.4323565896 7637433.786682821, 731929.5734702088 7637412.508374355, 731258.6304432742 7637236.8694332, 731243.1342619099 7637202.597112451, 731963.7145838289 7637391.230065889, 731997.8556974481 7637369.951757422, 731227.6380805461 7637168.324791702, 731212.1418991823 7637134.052470954, 732031.9968110673 7637348.673448956, 732066.1379246876 7637327.39514049, 731196.6457178181 7637099.780150205, 731181.1495364538 7637065.507829456, 732100.2790383077 7637306.116832023, 732134.4201519269 7637284.838523556, 731165.6533550895 7637031.235508706, 731150.1571737266 7636996.96318796, 732168.5612655451 7637263.56021509)
12110.4758597
MULTIPOINT (731150.1571737266 7636996.96318796, 732168.5612655451 7637263.56021509, 732134.4201519269 7637284.838523556, 731165.6533550895 7637031.235508706, 731181.1495364538 7637065.507829456, 732100.2790383077 7637306.116832023, 732066.1379246876 7637327.39514049, 731196.6457178181 7637099.780150205, 731212.1418991823 7637134.052470954, 732031.9968110673 7637348.673448956, 731997.8556974481 7637369.951757422, 731227.6380805461 7637168.324791702, 731243.1342619099 7637202.597112451, 731963.7145838289 7637391.230065889, 731929.5734702088 7637412.508374355, 731258.6304432742 7637236.8694332, 731274.126624638 7637271.141753948, 731895.4323565896 7637433.786682821, 731861.2912429693 7637455.064991288, 731289.6228060022 7637305.414074698, 731305.118987366 7637339.686395446, 731827.1501293503 7637476.343299754, 731793.00901573 7637497.621608221, 731320.6151687303 7637373.958716195, 731336.1113500941 7637408.231036943, 731758.8679021108 7637518.899916687, 731724.7267884905 7637540.178225154, 731351.6075314584 7637442.503357693, 731367.1037128221 7637476.775678441, 731690.5856748715 7637561.45653362, 731656.4445612513 7637582.734842087, 731382.5998941864 7637511.04799919, 731398.0960755502 7637545.320319938, 731622.3034476322 7637604.013150553, 731588.162334012 7637625.291459019, 731413.5922569144 7637579.592640688, 731429.0884382786 7637613.864961437, 731554.0212203918 7637646.569767486, 731519.8801067731 7637667.848075952, 731444.5846196421 7637648.137282185, 731460.0808010059 7637682.409602934, 731485.7389931539 7637689.126384418)
12110.4758597
MULTIPOINT (732168.5612655451 7637263.56021509, 731150.1571737266 7636996.96318796, 731165.6533550895 7637031.235508706, 732134.4201519269 7637284.838523556, 732100.2790383077 7637306.116832023, 731181.1495364538 7637065.507829456, 731196.6457178181 7637099.780150205, 732066.1379246876 7637327.39514049, 732031.9968110673 7637348.673448956, 731212.1418991823 7637134.052470954, 731227.6380805461 7637168.324791702, 731997.8556974481 7637369.951757422, 731963.7145838289 7637391.230065889, 731243.1342619099 7637202.597112451, 731258.6304432742 7637236.8694332, 731929.5734702088 7637412.508374355, 731895.4323565896 7637433.786682821, 731274.126624638 7637271.141753948, 731289.6228060022 7637305.414074698, 731861.2912429693 7637455.064991288, 731827.1501293503 7637476.343299754, 731305.118987366 7637339.686395446, 731320.6151687303 7637373.958716195, 731793.00901573 7637497.621608221, 731758.8679021108 7637518.899916687, 731336.1113500941 7637408.231036943, 731351.6075314584 7637442.503357693, 731724.7267884905 7637540.178225154, 731690.5856748715 7637561.45653362, 731367.1037128221 7637476.775678441, 731382.5998941864 7637511.04799919, 731656.4445612513 7637582.734842087, 731622.3034476322 7637604.013150553, 731398.0960755502 7637545.320319938, 731413.5922569144 7637579.592640688, 731588.162334012 7637625.291459019, 731554.0212203918 7637646.569767486, 731429.0884382786 7637613.864961437, 731444.5846196421 7637648.137282185, 731519.8801067731 7637667.848075952, 731485.7389931539 7637689.126384418, 731460.0808010059 7637682.409602934)
12110.4758597



3
[(730037.6752071606, 7639292.344124125), (730109.7745683378, 7638488.080890022), (730414.7633834111, 7638417.431392208), (730440.2826161407, 7639206.881151846), (730037.6752071606, 7639292.344124125)]
280.108389422
26
MULTIPOINT (730436.9039060194 7639102.359126385, 730427.2865657212 7639209.63987181, 730397.3692611004 7639215.990529344, 730429.1260122241 7638861.746234443, 730421.3481184288 7638621.133342501, 730367.4519564797 7639222.341186879, 730337.5346518591 7639228.691844415, 730410.1658146246 7638418.496401513, 730380.1954515782 7638425.438922005, 730307.6173472384 7639235.04250195, 730277.7000426168 7639241.393159484, 730350.2250885308 7638432.381442497, 730320.2547254843 7638439.323962989, 730247.7827379962 7639247.743817019, 730217.8654333765 7639254.094474554, 730290.2843624388 7638446.266483482, 730260.3139993915 7638453.209003974, 730187.9481287547 7639260.44513209, 730158.030824134 7639266.795789625, 730230.3436363449 7638460.151524466, 730200.3732732974 7638467.094044959, 730128.1135195125 7639273.146447159, 730098.1962148927 7639279.497104694, 730170.402910252 7638474.036565451, 730140.4325472055 7638480.979085943, 730068.2789102721 7639285.84776223, 730038.3616056504 7639292.198419765, 730110.462184158 7638487.921606435)
10590.846857
MULTIPOINT (730427.2865657212 7639209.63987181, 730436.9039060194 7639102.359126385, 730429.1260122241 7638861.746234443, 730397.3692611004 7639215.990529344, 730367.4519564797 7639222.341186879, 730421.3481184288 7638621.133342501, 730410.1658146246 7638418.496401513, 730337.5346518591 7639228.691844415, 730307.6173472384 7639235.04250195, 730380.1954515782 7638425.438922005, 730350.2250885308 7638432.381442497, 730277.7000426168 7639241.393159484, 730247.7827379962 7639247.743817019, 730320.2547254843 7638439.323962989, 730290.2843624388 7638446.266483482, 730217.8654333765 7639254.094474554, 730187.9481287547 7639260.44513209, 730260.3139993915 7638453.209003974, 730230.3436363449 7638460.151524466, 730158.030824134 7639266.795789625, 730128.1135195125 7639273.146447159, 730200.3732732974 7638467.094044959, 730170.402910252 7638474.036565451, 730098.1962148927 7639279.497104694, 730068.2789102721 7639285.84776223, 730140.4325472055 7638480.979085943, 730110.462184158 7638487.921606435, 730038.3616056504 7639292.198419765)
10763.2081884
MULTIPOINT (730110.462184158 7638487.921606435, 730038.3616056504 7639292.198419765, 730068.2789102721 7639285.84776223, 730140.4325472055 7638480.979085943, 730170.402910252 7638474.036565451, 730098.1962148927 7639279.497104694, 730128.1135195125 7639273.146447159, 730200.3732732974 7638467.094044959, 730230.3436363449 7638460.151524466, 730158.030824134 7639266.795789625, 730187.9481287547 7639260.44513209, 730260.3139993915 7638453.209003974, 730290.2843624388 7638446.266483482, 730217.8654333765 7639254.094474554, 730247.7827379962 7639247.743817019, 730320.2547254843 7638439.323962989, 730350.2250885308 7638432.381442497, 730277.7000426168 7639241.393159484, 730307.6173472384 7639235.04250195, 730380.1954515782 7638425.438922005, 730410.1658146246 7638418.496401513, 730337.5346518591 7639228.691844415, 730367.4519564797 7639222.341186879, 730421.3481184288 7638621.133342501, 730429.1260122241 7638861.746234443, 730397.3692611004 7639215.990529344, 730427.2865657212 7639209.63987181, 730436.9039060194 7639102.359126385)
10590.846857
MULTIPOINT (730038.3616056504 7639292.198419765, 730110.462184158 7638487.921606435, 730140.4325472055 7638480.979085943, 730068.2789102721 7639285.84776223, 730098.1962148927 7639279.497104694, 730170.402910252 7638474.036565451, 730200.3732732974 7638467.094044959, 730128.1135195125 7639273.146447159, 730158.030824134 7639266.795789625, 730230.3436363449 7638460.151524466, 730260.3139993915 7638453.209003974, 730187.9481287547 7639260.44513209, 730217.8654333765 7639254.094474554, 730290.2843624388 7638446.266483482, 730320.2547254843 7638439.323962989, 730247.7827379962 7639247.743817019, 730277.7000426168 7639241.393159484, 730350.2250885308 7638432.381442497, 730380.1954515782 7638425.438922005, 730307.6173472384 7639235.04250195, 730337.5346518591 7639228.691844415, 730410.1658146246 7638418.496401513, 730421.3481184288 7638621.133342501, 730367.4519564797 7639222.341186879, 730397.3692611004 7639215.990529344, 730429.1260122241 7638861.746234443, 730436.9039060194 7639102.359126385, 730427.2865657212 7639209.63987181)
10763.2081884



4
[(729368.6811320903, 7639429.180991389), (729120.8455244789, 7638908.6425535325), (729352.7365590704, 7638669.212265274), (729837.0449602217, 7638519.8320235275), (729438.459917029, 7639416.990660258), (729368.6811320903, 7639429.180991389)]
304.11617331
32
MULTIPOINT (729127.371991119 7638901.903898061, 729122.6729527406 7638912.480769766, 729139.2190601489 7638947.233180795, 729186.4646626579 7638840.890002438, 729245.5573341955 7638779.876106816, 729155.7651675569 7638981.985591821, 729172.3112749649 7639016.738002848, 729304.6500057324 7638718.862211195, 729359.6399469527 7638667.082982056, 729188.8573823734 7639051.490413875, 729205.4034897814 7639086.242824902, 729396.7047526519 7638655.650701256, 729433.7695583523 7638644.218420456, 729221.9495971898 7639120.99523593, 729238.4957045983 7639155.747646958, 729470.8343640526 7638632.786139656, 729507.8991697503 7638621.353858856, 729255.0418120055 7639190.500057982, 729271.5879194139 7639225.252469011, 729544.9639754506 7638609.921578057, 729582.0287811509 7638598.489297257, 729288.1340268225 7639260.004880038, 729304.6801342304 7639294.757291065, 729619.0935868503 7638587.057016457, 729656.1583925496 7638575.624735657, 729321.2262416384 7639329.509702091, 729337.7723490464 7639364.262113119, 729693.2231982489 7638564.192454858, 729730.2880039492 7638552.760174057, 729354.318456455 7639399.014524146, 729373.2571495968 7639428.381562612, 729767.3528096492 7638541.327893257, 729804.4176153468 7638529.895612459, 729407.9343390075 7639422.323468853)
10726.3920674
MULTIPOINT (729122.6729527406 7638912.480769766, 729127.371991119 7638901.903898061, 729186.4646626579 7638840.890002438, 729139.2190601489 7638947.233180795, 729155.7651675569 7638981.985591821, 729245.5573341955 7638779.876106816, 729304.6500057324 7638718.862211195, 729172.3112749649 7639016.738002848, 729188.8573823734 7639051.490413875, 729359.6399469527 7638667.082982056, 729396.7047526519 7638655.650701256, 729205.4034897814 7639086.242824902, 729221.9495971898 7639120.99523593, 729433.7695583523 7638644.218420456, 729470.8343640526 7638632.786139656, 729238.4957045983 7639155.747646958, 729255.0418120055 7639190.500057982, 729507.8991697503 7638621.353858856, 729544.9639754506 7638609.921578057, 729271.5879194139 7639225.252469011, 729288.1340268225 7639260.004880038, 729582.0287811509 7638598.489297257, 729619.0935868503 7638587.057016457, 729304.6801342304 7639294.757291065, 729321.2262416384 7639329.509702091, 729656.1583925496 7638575.624735657, 729693.2231982489 7638564.192454858, 729337.7723490464 7639364.262113119, 729354.318456455 7639399.014524146, 729730.2880039492 7638552.760174057, 729767.3528096492 7638541.327893257, 729373.2571495968 7639428.381562612, 729407.9343390075 7639422.323468853, 729804.4176153468 7638529.895612459)
10736.0579543
MULTIPOINT (729407.9343390075 7639422.323468853, 729804.4176153468 7638529.895612459, 729767.3528096492 7638541.327893257, 729373.2571495968 7639428.381562612, 729354.318456455 7639399.014524146, 729730.2880039492 7638552.760174057, 729693.2231982489 7638564.192454858, 729337.7723490464 7639364.262113119, 729321.2262416384 7639329.509702091, 729656.1583925496 7638575.624735657, 729619.0935868503 7638587.057016457, 729304.6801342304 7639294.757291065, 729288.1340268225 7639260.004880038, 729582.0287811509 7638598.489297257, 729544.9639754506 7638609.921578057, 729271.5879194139 7639225.252469011, 729255.0418120055 7639190.500057982, 729507.8991697503 7638621.353858856, 729470.8343640526 7638632.786139656, 729238.4957045983 7639155.747646958, 729221.9495971898 7639120.99523593, 729433.7695583523 7638644.218420456, 729396.7047526519 7638655.650701256, 729205.4034897814 7639086.242824902, 729188.8573823734 7639051.490413875, 729359.6399469527 7638667.082982056, 729304.6500057324 7638718.862211195, 729172.3112749649 7639016.738002848, 729155.7651675569 7638981.985591821, 729245.5573341955 7638779.876106816, 729186.4646626579 7638840.890002438, 729139.2190601489 7638947.233180795, 729122.6729527406 7638912.480769766, 729127.371991119 7638901.903898061)
10726.3920674
MULTIPOINT (729804.4176153468 7638529.895612459, 729407.9343390075 7639422.323468853, 729373.2571495968 7639428.381562612, 729767.3528096492 7638541.327893257, 729730.2880039492 7638552.760174057, 729354.318456455 7639399.014524146, 729337.7723490464 7639364.262113119, 729693.2231982489 7638564.192454858, 729656.1583925496 7638575.624735657, 729321.2262416384 7639329.509702091, 729304.6801342304 7639294.757291065, 729619.0935868503 7638587.057016457, 729582.0287811509 7638598.489297257, 729288.1340268225 7639260.004880038, 729271.5879194139 7639225.252469011, 729544.9639754506 7638609.921578057, 729507.8991697503 7638621.353858856, 729255.0418120055 7639190.500057982, 729238.4957045983 7639155.747646958, 729470.8343640526 7638632.786139656, 729433.7695583523 7638644.218420456, 729221.9495971898 7639120.99523593, 729205.4034897814 7639086.242824902, 729396.7047526519 7638655.650701256, 729359.6399469527 7638667.082982056, 729188.8573823734 7639051.490413875, 729172.3112749649 7639016.738002848, 729304.6500057324 7638718.862211195, 729245.5573341955 7638779.876106816, 729155.7651675569 7638981.985591821, 729139.2190601489 7638947.233180795, 729186.4646626579 7638840.890002438, 729127.371991119 7638901.903898061, 729122.6729527406 7638912.480769766)
10736.0579543



5
[(731069.4350248325, 7638902.5367596485), (731321.4141875514, 7638445.115138967), (731649.7252069851, 7638678.297695658), (731218.9999530165, 7639029.793274067), (731069.4350248325, 7638902.5367596485)]
158.158854713
26
MULTIPOINT (731323.2430851994 7638446.4141116, 731318.6206665117 7638450.186260355, 731280.8641275306 7638518.726281941, 731347.9620131616 7638463.97070422, 731372.6809411243 7638481.52729684, 731243.1075885491 7638587.266303528, 731205.3510495671 7638655.806325116, 731397.3998690872 7638499.083889461, 731422.1187970499 7638516.640482082, 731167.594510585 7638724.346346704, 731129.8379716044 7638792.88636829, 731446.837725012 7638534.197074702, 731471.5566529742 7638551.753667322, 731092.0814326232 7638861.426389877, 731078.4931282534 7638910.243798207, 731496.2755809375 7638569.310259943, 731520.9945088997 7638586.866852563, 731101.127123324 7638929.501811132, 731123.7611183956 7638948.759824058, 731545.7134368629 7638604.423445184, 731570.4323648246 7638621.980037804, 731146.3951134653 7638968.017836981, 731169.0291085362 7638987.275849907, 731595.1512927876 7638639.536630425, 731619.87022075 7638657.093223045, 731191.6631036071 7639006.533862832, 731214.2970986781 7639025.791875757, 731644.589148713 7638674.649815666)
6122.84003182
MULTIPOINT (731318.6206665117 7638450.186260355, 731323.2430851994 7638446.4141116, 731347.9620131616 7638463.97070422, 731280.8641275306 7638518.726281941, 731243.1075885491 7638587.266303528, 731372.6809411243 7638481.52729684, 731397.3998690872 7638499.083889461, 731205.3510495671 7638655.806325116, 731167.594510585 7638724.346346704, 731422.1187970499 7638516.640482082, 731446.837725012 7638534.197074702, 731129.8379716044 7638792.88636829, 731092.0814326232 7638861.426389877, 731471.5566529742 7638551.753667322, 731496.2755809375 7638569.310259943, 731078.4931282534 7638910.243798207, 731101.127123324 7638929.501811132, 731520.9945088997 7638586.866852563, 731545.7134368629 7638604.423445184, 731123.7611183956 7638948.759824058, 731146.3951134653 7638968.017836981, 731570.4323648246 7638621.980037804, 731595.1512927876 7638639.536630425, 731169.0291085362 7638987.275849907, 731191.6631036071 7639006.533862832, 731619.87022075 7638657.093223045, 731644.589148713 7638674.649815666, 731214.2970986781 7639025.791875757)
6102.48604114
MULTIPOINT (731644.589148713 7638674.649815666, 731214.2970986781 7639025.791875757, 731191.6631036071 7639006.533862832, 731619.87022075 7638657.093223045, 731595.1512927876 7638639.536630425, 731169.0291085362 7638987.275849907, 731146.3951134653 7638968.017836981, 731570.4323648246 7638621.980037804, 731545.7134368629 7638604.423445184, 731123.7611183956 7638948.759824058, 731101.127123324 7638929.501811132, 731520.9945088997 7638586.866852563, 731496.2755809375 7638569.310259943, 731078.4931282534 7638910.243798207, 731092.0814326232 7638861.426389877, 731471.5566529742 7638551.753667322, 731446.837725012 7638534.197074702, 731129.8379716044 7638792.88636829, 731167.594510585 7638724.346346704, 731422.1187970499 7638516.640482082, 731397.3998690872 7638499.083889461, 731205.3510495671 7638655.806325116, 731243.1075885491 7638587.266303528, 731372.6809411243 7638481.52729684, 731347.9620131616 7638463.97070422, 731280.8641275306 7638518.726281941, 731318.6206665117 7638450.186260355, 731323.2430851994 7638446.4141116)
6122.84003182
MULTIPOINT (731214.2970986781 7639025.791875757, 731644.589148713 7638674.649815666, 731619.87022075 7638657.093223045, 731191.6631036071 7639006.533862832, 731169.0291085362 7638987.275849907, 731595.1512927876 7638639.536630425, 731570.4323648246 7638621.980037804, 731146.3951134653 7638968.017836981, 731123.7611183956 7638948.759824058, 731545.7134368629 7638604.423445184, 731520.9945088997 7638586.866852563, 731101.127123324 7638929.501811132, 731078.4931282534 7638910.243798207, 731496.2755809375 7638569.310259943, 731471.5566529742 7638551.753667322, 731092.0814326232 7638861.426389877, 731129.8379716044 7638792.88636829, 731446.837725012 7638534.197074702, 731422.1187970499 7638516.640482082, 731167.594510585 7638724.346346704, 731205.3510495671 7638655.806325116, 731397.3998690872 7638499.083889461, 731372.6809411243 7638481.52729684, 731243.1075885491 7638587.266303528, 731280.8641275306 7638518.726281941, 731347.9620131616 7638463.97070422, 731323.2430851994 7638446.4141116, 731318.6206665117 7638450.186260355)
6102.48604114
