-1.000000 997.735524 950.022480 1500.934316 1107.310365 614.275287 468.305596 1052.460390 578.305517 1691.532237 1464.064652 1527.419089 1981.307826 1019.734434 1019.885061 949.391907 582.957560 731.182517 671.438437 902.524076 486.980594
8167.129299 -1.000000 -1.000000 -1.000000 -1.000000 7862.483095 7861.351590 7699.018867 7612.752783 9049.479791 8916.293212 9106.923497 9375.558630 7995.214358 7995.381350 8323.226224 8047.781177 8807.087805 8781.881972 8748.332749 8574.533345
7840.607794 -1.000000 -1.000000 -1.000000 -1.000000 7419.128199 7450.959288 7251.318017 7263.752237 8596.871378 8456.072416 8644.146030 8924.637061 8043.651816 8043.852167 8284.307086 7918.625454 8401.031508 8389.112308 8301.235742 8182.252758
7663.930508 -1.000000 -1.000000 -1.000000 -1.000000 7492.333153 7436.708623 7529.716776 7157.015924 8810.477262 8639.920110 8799.971955 9138.747385 7579.260051 7579.453801 7858.549674 7541.539798 8342.090354 8305.497199 8346.093122 8101.182164
7683.319909 -1.000000 -1.000000 -1.000000 -1.000000 7505.546954 7449.148225 7555.658773 7169.722160 8826.925645 8654.882394 8813.720735 9155.003065 7650.656316 7650.853722 7916.333797 7586.067695 8356.790056 8321.187160 8358.550952 8116.439782
6756.733426 6567.794829 6526.634380 6737.096920 6222.293624 -1.000000 -1.000000 -1.000000 -1.000000 7054.771736 6927.316909 7128.732423 7381.266043 7332.138253 7332.342874 7482.240188 7073.979140 7100.050232 7117.834919 6893.061070 6927.839564
6319.294678 6231.810102 6177.413893 6687.546961 6271.443969 -1.000000 -1.000000 -1.000000 -1.000000 7464.261177 7274.179676 7414.909299 7787.797978 6756.822844 6757.024966 6893.196281 6487.682497 6938.311442 6910.273002 6931.317002 6703.129095
6318.548323 6530.411206 6476.522561 6900.561148 6390.103806 -1.000000 -1.000000 -1.000000 -1.000000 7053.441690 6865.109090 7013.818029 7377.173241 7059.267804 7059.463444 7134.999030 6722.127091 6703.068744 6705.025413 6590.204769 6504.963210
6209.294757 6511.502801 6456.839958 6936.145768 6458.651021 -1.000000 -1.000000 -1.000000 -1.000000 7209.647979 7009.542868 7139.373726 7528.424890 6949.377396 6949.569514 7012.050826 6599.723145 6692.956024 6679.161125 6650.457825 6472.503279
5677.097444 6283.455327 6230.101662 6590.406869 6060.526957 5459.223348 5548.062920 5574.137742 5823.598493 -1.000000 -1.000000 -1.000000 -1.000000 6682.279631 6682.447137 6619.005472 6258.039803 5196.455700 5295.344866 4810.495647 5309.608865
6035.333427 6526.578003 6475.731237 6763.389248 6245.365232 5726.925806 5841.461330 5731.018607 6100.834418 -1.000000 -1.000000 -1.000000 -1.000000 7019.541423 7019.718287 6983.827746 6608.860061 5591.369766 5690.154818 5200.090862 5697.257373
5841.210593 6293.960634 6243.306571 6532.963163 6013.252305 5498.847010 5618.337174 5500.177056 5872.950371 -1.000000 -1.000000 -1.000000 -1.000000 6807.608797 6807.789813 6790.289148 6406.017927 5475.262104 5569.107731 5063.513711 5544.510400
5518.090253 6027.750727 5975.610566 6304.123830 5776.800588 5214.861655 5322.579307 5277.069474 5587.216115 -1.000000 -1.000000 -1.000000 -1.000000 6496.865544 6497.042730 6467.461452 6088.126490 5147.571645 5240.148579 4733.748647 5212.596044
5051.739944 5294.702727 5285.384405 5759.379278 5653.357694 5533.074031 5373.409702 5880.315189 5254.555157 6742.958829 6515.783888 6571.675153 7032.150182 -1.000000 -1.000000 -1.000000 -1.000000 5647.870742 5556.147482 5927.076382 5446.382365
4700.058727 4992.445981 4969.871433 5498.687361 5302.429192 5134.955222 4975.835150 5486.807271 4863.794503 6373.440738 6151.202056 6225.462614 6671.935627 -1.000000 -1.000000 -1.000000 -1.000000 5381.285153 5301.481439 5601.287105 5153.268727
5122.082471 5015.413105 5019.706924 5431.367412 5412.702425 5457.342804 5310.736272 5730.213254 5118.181719 6760.278478 6545.187980 6634.949312 7067.863859 -1.000000 -1.000000 -1.000000 -1.000000 5812.900189 5732.152168 6024.313471 5584.692807
5136.986228 5030.359984 5034.657460 5446.287534 5427.655905 5472.291574 5325.681519 5745.171005 5133.136971 6775.212624 6560.118296 6649.869948 7082.793853 -1.000000 -1.000000 -1.000000 -1.000000 5827.776325 5747.022267 6039.219489 5599.578223
4743.855904 5521.229966 5466.585351 5923.469593 5409.270141 4727.263561 4750.800491 5030.119862 5031.659668 4755.167184 4521.054874 4502.149119 4987.397089 5763.297261 5763.450149 5666.060172 5325.517766 -1.000000 -1.000000 -1.000000 -1.000000
4369.103284 5317.109871 5265.265043 5790.461051 5331.078019 4682.812864 4613.636807 5105.689217 4844.262623 5276.954734 5040.693133 5042.053200 5525.354462 5364.467460 5364.599746 5226.157017 4918.290250 -1.000000 -1.000000 -1.000000 -1.000000
4572.514345 5517.227198 5464.824455 5982.224650 5509.065906 4840.127535 4793.298691 5237.109023 5038.654108 5166.915576 4934.877871 4888.109172 5378.675993 5551.883980 5552.006986 5386.854532 5105.515814 -1.000000 -1.000000 -1.000000 -1.000000
4553.561126 5521.424906 5470.012421 5997.809678 5537.937569 4882.875067 4820.294654 5295.684573 5051.406530 5301.552065 5068.245668 5027.789200 5518.251907 5511.926821 5512.043790 5335.922135 5066.502962 -1.000000 -1.000000 -1.000000 -1.000000
