


1
[(801805.2234978494, 7517952.034799006), (801742.9381496205, 7518016.98026537), (801687.0698597608, 7517933.073523861), (801751.2743776136, 7517865.874771397), (801805.2234978494, 7517952.034799006)]
9.00586468037
6
MULTIPOINT (801688.3467748605 7517931.737058694, 801722.5319910919 7517986.332929051, 801763.0676080484 7517995.991106564, 801709.1811120677 7517909.9310937, 801730.0154492762 7517888.125128705, 801783.9329415419 7517974.234644521, 801804.7982750349 7517952.478182479, 801750.8497864844 7517866.31916371)
471.180424856
MULTIPOINT (801722.5319910919 7517986.332929051, 801688.3467748605 7517931.737058694, 801709.1811120677 7517909.9310937, 801763.0676080484 7517995.991106564, 801783.9329415419 7517974.234644521, 801730.0154492762 7517888.125128705, 801750.8497864844 7517866.31916371, 801804.7982750349 7517952.478182479)
459.669165595
MULTIPOINT (801750.8497864844 7517866.31916371, 801804.7982750349 7517952.478182479, 801783.9329415419 7517974.234644521, 801730.0154492762 7517888.125128705, 801709.1811120677 7517909.9310937, 801763.0676080484 7517995.991106564, 801722.5319910919 7517986.332929051, 801688.3467748605 7517931.737058694)
471.180424856
MULTIPOINT (801804.7982750349 7517952.478182479, 801750.8497864844 7517866.31916371, 801730.0154492762 7517888.125128705, 801783.9329415419 7517974.234644521, 801763.0676080484 7517995.991106564, 801709.1811120677 7517909.9310937, 801688.3467748605 7517931.737058694, 801722.5319910919 7517986.332929051)
459.669165595



2
[(801751.2743776136, 7517865.874771397), (801826.6196239628, 7517700.111539962), (801880.6239614178, 7517775.664453909), (801805.2234978494, 7517952.034799006), (801751.2743776136, 7517865.874771397)]
15.3280086891
4
MULTIPOINT (801833.7466833275 7517710.082407641, 801760.7048083541 7517880.935743094, 801779.5963259629 7517911.10664619, 801853.6390686277 7517737.912166242, 801873.5314539277 7517765.741924843, 801798.4878435712 7517941.277549285)
634.878951819
MULTIPOINT (801760.7048083541 7517880.935743094, 801833.7466833275 7517710.082407641, 801853.6390686277 7517737.912166242, 801779.5963259629 7517911.10664619, 801798.4878435712 7517941.277549285, 801873.5314539277 7517765.741924843)
634.878951819
MULTIPOINT (801798.4878435712 7517941.277549285, 801873.5314539277 7517765.741924843, 801853.6390686277 7517737.912166242, 801779.5963259629 7517911.10664619, 801760.7048083541 7517880.935743094, 801833.7466833275 7517710.082407641)
634.878951819
MULTIPOINT (801873.5314539277 7517765.741924843, 801798.4878435712 7517941.277549285, 801779.5963259629 7517911.10664619, 801853.6390686277 7517737.912166242, 801833.7466833275 7517710.082407641, 801760.7048083541 7517880.935743094)
634.878951819



3
[(801125.0728787791, 7517561.463178996), (801430.2609197508, 7517245.383089396), (801577.8725396013, 7517326.700368587), (801673.683282068, 7517453.646011211), (801116.175364981, 7517713.356750562), (801125.0728787791, 7517561.463178996)]
116.909493535
18
MULTIPOINT (801438.0539821128 7517249.676183859, 801416.356438819 7517259.783816124, 801359.7678872942 7517318.391992183, 801469.7702405744 7517267.148249045, 801501.4864990381 7517284.620314232, 801303.1793357655 7517377.000168246, 801246.5907842384 7517435.608344307, 801533.2027575008 7517302.092379418, 801564.9190159636 7517319.564444604, 801190.0022327111 7517494.216520368, 801133.413681187 7517552.824696426, 801588.5250775557 7517340.814582102, 801606.5319752831 7517364.673046662, 801123.4171830793 7517589.728325753, 801121.4752599195 7517622.879793808, 801624.5388730103 7517388.531511223, 801642.5457707377 7517412.389975783, 801119.5333367598 7517656.031261863, 801117.5914136 7517689.182729918, 801660.552668465 7517436.248440344)
4302.83622215
MULTIPOINT (801416.356438819 7517259.783816124, 801438.0539821128 7517249.676183859, 801469.7702405744 7517267.148249045, 801359.7678872942 7517318.391992183, 801303.1793357655 7517377.000168246, 801501.4864990381 7517284.620314232, 801533.2027575008 7517302.092379418, 801246.5907842384 7517435.608344307, 801190.0022327111 7517494.216520368, 801564.9190159636 7517319.564444604, 801588.5250775557 7517340.814582102, 801133.413681187 7517552.824696426, 801123.4171830793 7517589.728325753, 801606.5319752831 7517364.673046662, 801624.5388730103 7517388.531511223, 801121.4752599195 7517622.879793808, 801119.5333367598 7517656.031261863, 801642.5457707377 7517412.389975783, 801660.552668465 7517436.248440344, 801117.5914136 7517689.182729918)
4258.15445732
MULTIPOINT (801660.552668465 7517436.248440344, 801117.5914136 7517689.182729918, 801119.5333367598 7517656.031261863, 801642.5457707377 7517412.389975783, 801624.5388730103 7517388.531511223, 801121.4752599195 7517622.879793808, 801123.4171830793 7517589.728325753, 801606.5319752831 7517364.673046662, 801588.5250775557 7517340.814582102, 801133.413681187 7517552.824696426, 801190.0022327111 7517494.216520368, 801564.9190159636 7517319.564444604, 801533.2027575008 7517302.092379418, 801246.5907842384 7517435.608344307, 801303.1793357655 7517377.000168246, 801501.4864990381 7517284.620314232, 801469.7702405744 7517267.148249045, 801359.7678872942 7517318.391992183, 801416.356438819 7517259.783816124, 801438.0539821128 7517249.676183859)
4302.83622215
MULTIPOINT (801117.5914136 7517689.182729918, 801660.552668465 7517436.248440344, 801642.5457707377 7517412.389975783, 801119.5333367598 7517656.031261863, 801121.4752599195 7517622.879793808, 801624.5388730103 7517388.531511223, 801606.5319752831 7517364.673046662, 801123.4171830793 7517589.728325753, 801133.413681187 7517552.824696426, 801588.5250775557 7517340.814582102, 801564.9190159636 7517319.564444604, 801190.0022327111 7517494.216520368, 801246.5907842384 7517435.608344307, 801533.2027575008 7517302.092379418, 801501.4864990381 7517284.620314232, 801303.1793357655 7517377.000168246, 801359.7678872942 7517318.391992183, 801469.7702405744 7517267.148249045, 801438.0539821128 7517249.676183859, 801416.356438819 7517259.783816124)
4258.15445732



4
[(801995.5437060879, 7517627.493356375), (801957.3727056588, 7517674.497409668), (801935.7159634756, 7517635.291447755), (801920.3892787441, 7517579.113264664), (801995.5437060879, 7517627.493356375)]
2.9975091096
2
MULTIPOINT (801983.3427128873 7517642.517749977, 801963.7311645627 7517607.014274424, 801925.7216307211 7517598.658381622, 801963.4678874741 7517666.991757533)
157.542664562
MULTIPOINT (801963.7311645627 7517607.014274424, 801983.3427128873 7517642.517749977, 801963.4678874741 7517666.991757533, 801925.7216307211 7517598.658381622)
150.153040407
MULTIPOINT (801963.4678874741 7517666.991757533, 801925.7216307211 7517598.658381622, 801963.7311645627 7517607.014274424, 801983.3427128873 7517642.517749977)
157.542664562
MULTIPOINT (801925.7216307211 7517598.658381622, 801963.4678874741 7517666.991757533, 801983.3427128873 7517642.517749977, 801963.7311645627 7517607.014274424)
150.153040407



5
[(801920.3892787441, 7517579.113264664), (801858.920456953, 7517537.440938951), (801896.2929317481, 7517471.324189772), (801958.526084611, 7517480.470667935), (802026.3918808273, 7517570.07944159), (801995.5437060879, 7517627.493356375), (801920.3892787441, 7517579.113264664)]
14.0141860306
6
MULTIPOINT (801972.6397584685 7517499.106108417, 801941.4494915243 7517477.960901379, 801891.6596115496 7517479.521133408, 802026.0837342151 7517570.652956992, 802012.1754063522 7517596.538817581, 801877.228116862 7517505.05231698, 801862.7966221751 7517530.583500551, 801998.2670784898 7517622.424678168)
635.316182321
MULTIPOINT (801941.4494915243 7517477.960901379, 801972.6397584685 7517499.106108417, 802026.0837342151 7517570.652956992, 801891.6596115496 7517479.521133408, 801877.228116862 7517505.05231698, 802012.1754063522 7517596.538817581, 801998.2670784898 7517622.424678168, 801862.7966221751 7517530.583500551)
674.805894112
MULTIPOINT (801998.2670784898 7517622.424678168, 801862.7966221751 7517530.583500551, 801877.228116862 7517505.05231698, 802012.1754063522 7517596.538817581, 802026.0837342151 7517570.652956992, 801891.6596115496 7517479.521133408, 801941.4494915243 7517477.960901379, 801972.6397584685 7517499.106108417)
635.316182321
MULTIPOINT (801862.7966221751 7517530.583500551, 801998.2670784898 7517622.424678168, 802012.1754063522 7517596.538817581, 801877.228116862 7517505.05231698, 801891.6596115496 7517479.521133408, 802026.0837342151 7517570.652956992, 801972.6397584685 7517499.106108417, 801941.4494915243 7517477.960901379)
674.805894112



6
[(801804.0763555837, 7517162.544256169), (801806.5275291816, 7517223.618173435), (801708.1084211722, 7517242.494532406), (801804.0763555837, 7517162.544256169)]
3.02855484634
2
MULTIPOINT (801806.3323093447 7517218.754038078, 801798.6890952875 7517225.121551133, 801739.3633979996 7517236.499963119, 801804.8547752986 7517181.939512918)
155.595689908
MULTIPOINT (801798.6890952875 7517225.121551133, 801806.3323093447 7517218.754038078, 801804.8547752986 7517181.939512918, 801739.3633979996 7517236.499963119)
132.032845191
MULTIPOINT (801804.8547752986 7517181.939512918, 801739.3633979996 7517236.499963119, 801798.6890952875 7517225.121551133, 801806.3323093447 7517218.754038078)
155.595689908
MULTIPOINT (801739.3633979996 7517236.499963119, 801804.8547752986 7517181.939512918, 801806.3323093447 7517218.754038078, 801798.6890952875 7517225.121551133)
132.032845191



7
[(801708.1084211722, 7517242.494532406), (801609.2442614923, 7517162.341799608), (801809.477890214, 7517074.126096372), (801804.0763555837, 7517162.544256169), (801708.1084211722, 7517242.494532406)]
16.4120489428
6
MULTIPOINT (801705.0893704895 7517240.046879349, 801717.7325006926 7517234.476772923, 801799.1068187195 7517166.684345747, 801679.5624419263 7517219.351279539, 801654.0355133624 7517198.655679729, 801805.9592145022 7517131.723585355, 801807.9645387515 7517098.898269577, 801628.5085847987 7517177.960079919)
678.223704309
MULTIPOINT (801717.7325006926 7517234.476772923, 801705.0893704895 7517240.046879349, 801679.5624419263 7517219.351279539, 801799.1068187195 7517166.684345747, 801805.9592145022 7517131.723585355, 801654.0355133624 7517198.655679729, 801628.5085847987 7517177.960079919, 801807.9645387515 7517098.898269577)
607.912346926
MULTIPOINT (801628.5085847987 7517177.960079919, 801807.9645387515 7517098.898269577, 801805.9592145022 7517131.723585355, 801654.0355133624 7517198.655679729, 801679.5624419263 7517219.351279539, 801799.1068187195 7517166.684345747, 801717.7325006926 7517234.476772923, 801705.0893704895 7517240.046879349)
678.223704309
MULTIPOINT (801807.9645387515 7517098.898269577, 801628.5085847987 7517177.960079919, 801654.0355133624 7517198.655679729, 801805.9592145022 7517131.723585355, 801799.1068187195 7517166.684345747, 801679.5624419263 7517219.351279539, 801705.0893704895 7517240.046879349, 801717.7325006926 7517234.476772923)
607.912346926



8
[(801148.0657489387, 7516954.609559311), (801262.5990997236, 7517055.621123414), (801183.7000876088, 7517172.976587471), (801077.5674344408, 7517286.419162669), (800963.1395244275, 7517131.638734959), (801048.6616451356, 7517032.249015443), (801148.0657489387, 7516954.609559311)]
50.3745220604
12
MULTIPOINT (801184.7193000766 7517171.46059698, 801180.1460386601 7517176.77542273, 801063.5514337912 7517267.460478769, 801253.0670819891 7517047.214453969, 801231.1426231958 7517027.878392817, 801045.7306705469 7517243.355298863, 801027.9099073021 7517219.250118957, 801209.2181644016 7517008.542331663, 801187.2937056072 7516989.206270508, 801010.0891440569 7517195.144939051, 800992.2683808119 7517171.039759144, 801165.3692468127 7516969.870209355, 801123.2806871203 7516973.967902137, 800974.4476175678 7517146.934579239)
1933.49308068
MULTIPOINT (801180.1460386601 7517176.77542273, 801184.7193000766 7517171.46059698, 801253.0670819891 7517047.214453969, 801063.5514337912 7517267.460478769, 801045.7306705469 7517243.355298863, 801231.1426231958 7517027.878392817, 801209.2181644016 7517008.542331663, 801027.9099073021 7517219.250118957, 801010.0891440569 7517195.144939051, 801187.2937056072 7516989.206270508, 801165.3692468127 7516969.870209355, 800992.2683808119 7517171.039759144, 800974.4476175678 7517146.934579239, 801123.2806871203 7516973.967902137)
1915.27790757
MULTIPOINT (800974.4476175678 7517146.934579239, 801123.2806871203 7516973.967902137, 801165.3692468127 7516969.870209355, 800992.2683808119 7517171.039759144, 801010.0891440569 7517195.144939051, 801187.2937056072 7516989.206270508, 801209.2181644016 7517008.542331663, 801027.9099073021 7517219.250118957, 801045.7306705469 7517243.355298863, 801231.1426231958 7517027.878392817, 801253.0670819891 7517047.214453969, 801063.5514337912 7517267.460478769, 801180.1460386601 7517176.77542273, 801184.7193000766 7517171.46059698)
1933.49308068
MULTIPOINT (801123.2806871203 7516973.967902137, 800974.4476175678 7517146.934579239, 800992.2683808119 7517171.039759144, 801165.3692468127 7516969.870209355, 801187.2937056072 7516989.206270508, 801010.0891440569 7517195.144939051, 801027.9099073021 7517219.250118957, 801209.2181644016 7517008.542331663, 801231.1426231958 7517027.878392817, 801045.7306705469 7517243.355298863, 801063.5514337912 7517267.460478769, 801253.0670819891 7517047.214453969, 801184.7193000766 7517171.46059698, 801180.1460386601 7517176.77542273)
1915.27790757
