721416.42227
7644448.77066
721782.33398,721862.88578,721989.96109,722117.36172,722145.06827,721952.95766,721782.33398
7645061.41266,7644865.57653,7644871.48638,7644926.48358,7644989.59240,7645225.04801,7645061.41266
721827.64662,721881.04544,721944.69959,721871.64216,721796.06809,721827.64662
7644697.84822,7644641.15428,7644652.12703,7644830.68029,7644823.46018,7644697.84822
721350.11137,721459.27460,721546.05434,721611.91433,721676.14311,721704.85915,721675.75193,721350.11137
7644060.74217,7643787.18699,7643705.73744,7643769.06435,7643900.65526,7644069.86726,7644205.17293,7644060.74217
721390.24558,721520.97615,721486.78015,721264.87326,721390.24558
7644481.44176,7644704.08243,7644769.81677,7644668.98628,7644481.44176
721010.79806,720965.15097,720850.57450,720868.03170,721139.63756,721010.79806
7644185.95962,7644131.47300,7643909.38339,7643857.36292,7644072.76722,7644185.95962
