731581.55039
7638205.55064
730727.12323,730850.65313,731065.55300,730727.12323
7638166.94058,7637786.79727,7637935.91991,7638166.94058
731468.09099,731144.79636,732180.37219,731468.09099
7637700.12543,7636985.10687,7637256.19910,7637700.12543
730037.67521,730109.77457,730414.76338,730440.28262,730037.67521
7639292.34412,7638488.08089,7638417.43139,7639206.88115,7639292.34412
729368.68113,729120.84552,729352.73656,729837.04496,729438.45992,729368.68113
7639429.18099,7638908.64255,7638669.21227,7638519.83202,7639416.99066,7639429.18099
731069.43502,731321.41419,731649.72521,731218.99995,731069.43502
7638902.53676,7638445.11514,7638678.29770,7639029.79327,7638902.53676
