-1.000000 632.904786 626.433206 926.349059 890.297190 506.420366 487.461376 543.550644 575.054593 397.739202 392.007875 663.466157 418.070600 263.943002 250.158834 55.419740 285.435690 556.711143 478.998617 803.537116 466.412204
3904.466248 -1.000000 -1.000000 -1.000000 -1.000000 3442.323111 3521.677110 3543.005235 3373.317980 4275.675845 4270.205777 4399.731515 4085.673034 3819.224044 3846.888183 3888.796150 3631.821119 4439.666095 4362.977342 4702.930006 4370.543649
3898.505911 -1.000000 -1.000000 -1.000000 -1.000000 3393.697841 3421.380027 3396.470788 3330.490319 4214.088949 4209.179721 4259.713108 3957.359334 3904.689554 3927.229694 3901.713615 3681.040808 4455.200136 4377.451008 4694.525600 4351.551999
3611.021975 -1.000000 -1.000000 -1.000000 -1.000000 3131.879698 3218.616403 3259.443733 3067.679080 3968.945768 3963.561175 4090.934683 3776.505049 3579.206045 3603.169210 3603.471388 3361.974580 4160.767265 4083.090742 4414.499782 4076.374827
3634.641926 -1.000000 -1.000000 -1.000000 -1.000000 3131.487204 3200.855930 3229.934555 3059.861232 3977.113887 3971.865587 4079.467541 3765.851467 3630.689504 3652.809527 3632.902760 3406.309219 4189.490055 4111.652545 4436.870320 4096.059522
1119.966044 857.741944 798.141234 1141.303446 964.677468 -1.000000 -1.000000 -1.000000 -1.000000 1398.284135 1393.555605 1448.435721 1140.441814 1209.959026 1224.090569 1137.743581 989.904190 1668.644609 1592.047134 1892.185090 1548.973230
1152.783213 667.290512 629.381132 972.929412 900.010218 -1.000000 -1.000000 -1.000000 -1.000000 1495.692349 1490.423497 1604.260956 1290.102625 1156.080110 1177.349932 1151.753838 929.869162 1707.976814 1630.137497 1954.805311 1613.934035
1082.835765 730.177909 699.693883 1040.621322 961.904520 -1.000000 -1.000000 -1.000000 -1.000000 1422.243121 1416.977414 1535.509902 1221.062287 1104.546751 1123.894276 1084.447292 876.563544 1639.030705 1561.214034 1883.489207 1542.063301
1065.189996 818.227835 770.375830 1121.288542 990.899927 -1.000000 -1.000000 -1.000000 -1.000000 1371.947267 1366.936057 1456.539938 1143.305351 1135.408846 1150.748747 1077.366540 912.753193 1619.720028 1542.421189 1852.423599 1509.098705
4708.796185 5158.147522 5116.588849 5466.944354 5296.834415 5004.424530 4924.141346 4917.350349 5071.862363 -1.000000 -1.000000 -1.000000 -1.000000 4970.291099 4952.718976 4761.726448 4947.236733 4786.046506 4753.539093 4818.848589 4608.808086
4469.948110 4850.265370 4809.520256 5159.433355 5001.028123 4696.524398 4617.454240 4615.903924 4764.251515 -1.000000 -1.000000 -1.000000 -1.000000 4730.171898 4719.102632 4525.271927 4661.358199 4780.516623 4720.759768 4920.136818 4610.805861
4443.069230 5036.158607 5014.235194 5342.888684 5251.210256 4891.157749 4839.548675 4867.198763 4963.293757 -1.000000 -1.000000 -1.000000 -1.000000 4672.249473 4648.735892 4482.856152 4725.599782 4440.935907 4394.406439 4568.103581 4263.057598
4443.885385 5037.321497 5015.534376 5343.966099 5252.848511 4892.439525 4841.084947 4869.017715 4964.572387 -1.000000 -1.000000 -1.000000 -1.000000 4673.272113 4649.804990 4483.699887 4726.431252 4447.467300 4399.983855 4577.650893 4270.104264
1516.775596 2086.710055 2086.049895 2372.034817 2354.860749 1969.387748 1960.993775 2022.684036 2035.381074 1898.881980 1893.178232 2177.752275 1934.750272 -1.000000 -1.000000 -1.000000 -1.000000 2018.785899 1941.044657 2275.664263 1945.455101
1741.593697 1840.015398 1854.258505 2109.861937 2128.990094 1756.306151 1791.182580 1869.646797 1808.298549 2136.427760 2130.711749 2358.064712 2065.638695 -1.000000 -1.000000 -1.000000 -1.000000 2264.320774 2187.432329 2527.998373 2200.193799
1725.298857 2062.444711 2083.836638 2302.462711 2357.836689 1989.487207 2019.036081 2094.899482 2039.707346 2088.275301 2082.750459 2386.316927 2139.650243 -1.000000 -1.000000 -1.000000 -1.000000 2104.276725 2032.308174 2381.284379 2084.101223
1706.316840 2081.210028 2100.758813 2324.929001 2375.178980 2003.636883 2029.178134 2103.833176 2055.779319 2059.563871 2054.085487 2363.546955 2123.383129 -1.000000 -1.000000 -1.000000 -1.000000 2069.650339 1997.715569 2346.700282 2050.682686
2411.477116 3044.322593 3036.601599 3332.752817 3294.256878 2915.013807 2882.634979 2923.709690 2985.016690 2130.713553 2133.713383 2381.458561 2476.199308 2527.868523 2498.482275 2422.248407 2679.780365 -1.000000 -1.000000 -1.000000 -1.000000
2101.746032 2733.591466 2723.184629 3027.760288 2978.677106 2600.981729 2566.703912 2607.891657 2671.539242 1853.061398 1853.560582 2198.811886 2194.262179 2258.079195 2229.858506 2119.433073 2379.369620 -1.000000 -1.000000 -1.000000 -1.000000
2164.651142 2790.590075 2789.221334 3069.488906 3054.931415 2670.555305 2649.931407 2700.169209 2738.188194 2003.545879 2003.529789 2348.656478 2336.579112 2250.860869 2221.432331 2165.370043 2416.102767 -1.000000 -1.000000 -1.000000 -1.000000
2114.332444 2740.307381 2738.777652 3020.193981 3004.576115 2620.132462 2600.026396 2650.965562 2687.742704 1984.410238 1983.440172 2343.542892 2304.216086 2206.286146 2176.891390 2115.022630 2366.608150 -1.000000 -1.000000 -1.000000 -1.000000
