


1
[(720757.7499023639, 7655402.926960077), (720618.6198645432, 7655131.241542263), (721003.4298217172, 7654894.855522759), (721254.6946533096, 7655217.816398738), (720757.7499023639, 7655402.926960077)]
172.220567964
26
MULTIPOINT (720958.7099131623 7654922.326644488, 721009.9522197149 7654903.239025366, 721028.7676087182 7654927.423207752, 720829.7048331355 7655001.573547523, 720700.6997531088 7655080.820450559, 721047.5829977217 7654951.607390139, 721066.3983867252 7654975.791572525, 720623.4994886264 7655140.770201412, 720636.9143789165 7655166.966054806, 721085.213775728 7654999.97575491, 721104.029164732 7655024.159937297, 720650.3292692073 7655193.161908201, 720663.7441594978 7655219.357761595, 721122.8445537357 7655048.344119683, 721141.6599427391 7655072.528302069, 720677.1590497883 7655245.55361499, 720690.5739400791 7655271.749468384, 721160.4753317424 7655096.712484455, 721179.2907207452 7655120.896666841, 720703.9888303692 7655297.945321778, 720717.4037206596 7655324.141175172, 721198.1061097486 7655145.080849227, 721216.921498753 7655169.265031613, 720730.8186109505 7655350.337028568, 720744.2335012411 7655376.532881962, 721235.7368877564 7655193.449213999, 721254.5522767591 7655217.633396384, 720757.6483915312 7655402.728735356)
6666.19498321
MULTIPOINT (721009.9522197149 7654903.239025366, 720958.7099131623 7654922.326644488, 720829.7048331355 7655001.573547523, 721028.7676087182 7654927.423207752, 721047.5829977217 7654951.607390139, 720700.6997531088 7655080.820450559, 720623.4994886264 7655140.770201412, 721066.3983867252 7654975.791572525, 721085.213775728 7654999.97575491, 720636.9143789165 7655166.966054806, 720650.3292692073 7655193.161908201, 721104.029164732 7655024.159937297, 721122.8445537357 7655048.344119683, 720663.7441594978 7655219.357761595, 720677.1590497883 7655245.55361499, 721141.6599427391 7655072.528302069, 721160.4753317424 7655096.712484455, 720690.5739400791 7655271.749468384, 720703.9888303692 7655297.945321778, 721179.2907207452 7655120.896666841, 721198.1061097486 7655145.080849227, 720717.4037206596 7655324.141175172, 720730.8186109505 7655350.337028568, 721216.921498753 7655169.265031613, 721235.7368877564 7655193.449213999, 720744.2335012411 7655376.532881962, 720757.6483915312 7655402.728735356, 721254.5522767591 7655217.633396384)
6733.29742892
MULTIPOINT (720757.6483915312 7655402.728735356, 721254.5522767591 7655217.633396384, 721235.7368877564 7655193.449213999, 720744.2335012411 7655376.532881962, 720730.8186109505 7655350.337028568, 721216.921498753 7655169.265031613, 721198.1061097486 7655145.080849227, 720717.4037206596 7655324.141175172, 720703.9888303692 7655297.945321778, 721179.2907207452 7655120.896666841, 721160.4753317424 7655096.712484455, 720690.5739400791 7655271.749468384, 720677.1590497883 7655245.55361499, 721141.6599427391 7655072.528302069, 721122.8445537357 7655048.344119683, 720663.7441594978 7655219.357761595, 720650.3292692073 7655193.161908201, 721104.029164732 7655024.159937297, 721085.213775728 7654999.97575491, 720636.9143789165 7655166.966054806, 720623.4994886264 7655140.770201412, 721066.3983867252 7654975.791572525, 721047.5829977217 7654951.607390139, 720700.6997531088 7655080.820450559, 720829.7048331355 7655001.573547523, 721028.7676087182 7654927.423207752, 721009.9522197149 7654903.239025366, 720958.7099131623 7654922.326644488)
6666.19498321
MULTIPOINT (721254.5522767591 7655217.633396384, 720757.6483915312 7655402.728735356, 720744.2335012411 7655376.532881962, 721235.7368877564 7655193.449213999, 721216.921498753 7655169.265031613, 720730.8186109505 7655350.337028568, 720717.4037206596 7655324.141175172, 721198.1061097486 7655145.080849227, 721179.2907207452 7655120.896666841, 720703.9888303692 7655297.945321778, 720690.5739400791 7655271.749468384, 721160.4753317424 7655096.712484455, 721141.6599427391 7655072.528302069, 720677.1590497883 7655245.55361499, 720663.7441594978 7655219.357761595, 721122.8445537357 7655048.344119683, 721104.029164732 7655024.159937297, 720650.3292692073 7655193.161908201, 720636.9143789165 7655166.966054806, 721085.213775728 7654999.97575491, 721066.3983867252 7654975.791572525, 720623.4994886264 7655140.770201412, 720700.6997531088 7655080.820450559, 721047.5829977217 7654951.607390139, 721028.7676087182 7654927.423207752, 720829.7048331355 7655001.573547523, 720958.7099131623 7654922.326644488, 721009.9522197149 7654903.239025366)
6733.29742892



2
[(721384.9617564792, 7654711.5051014535), (721701.1106202994, 7654627.814318115), (721951.4033143115, 7655127.959187496), (721759.1223041187, 7655217.285753852), (721384.9617564792, 7654711.5051014535)]
154.870957796
18
MULTIPOINT (721769.7075572982 7654764.887460544, 721673.6774470751 7654635.076415244, 721643.2719820681 7654643.125336103, 721845.7367410338 7654916.812015588, 721921.7659247678 7655068.736570629, 721612.8665170615 7654651.174256961, 721582.4610520552 7654659.223177819, 721934.8916769061 7655135.629876728, 721907.8315828539 7655148.200984424, 721552.0555870486 7654667.272098676, 721521.6501220416 7654675.321019534, 721880.771488801 7655160.77209212, 721853.7113947481 7655173.343199816, 721491.2446570345 7654683.369940392, 721460.8391920273 7654691.41886125, 721826.6513006953 7655185.914307511, 721799.5912066436 7655198.485415206, 721430.4337270216 7654699.467782107, 721400.0282620145 7654707.516702966, 721772.5311125908 7655211.056522902)
5704.27303618
MULTIPOINT (721673.6774470751 7654635.076415244, 721769.7075572982 7654764.887460544, 721845.7367410338 7654916.812015588, 721643.2719820681 7654643.125336103, 721612.8665170615 7654651.174256961, 721921.7659247678 7655068.736570629, 721934.8916769061 7655135.629876728, 721582.4610520552 7654659.223177819, 721552.0555870486 7654667.272098676, 721907.8315828539 7655148.200984424, 721880.771488801 7655160.77209212, 721521.6501220416 7654675.321019534, 721491.2446570345 7654683.369940392, 721853.7113947481 7655173.343199816, 721826.6513006953 7655185.914307511, 721460.8391920273 7654691.41886125, 721430.4337270216 7654699.467782107, 721799.5912066436 7655198.485415206, 721772.5311125908 7655211.056522902, 721400.0282620145 7654707.516702966)
5740.98916142
MULTIPOINT (721772.5311125908 7655211.056522902, 721400.0282620145 7654707.516702966, 721430.4337270216 7654699.467782107, 721799.5912066436 7655198.485415206, 721826.6513006953 7655185.914307511, 721460.8391920273 7654691.41886125, 721491.2446570345 7654683.369940392, 721853.7113947481 7655173.343199816, 721880.771488801 7655160.77209212, 721521.6501220416 7654675.321019534, 721552.0555870486 7654667.272098676, 721907.8315828539 7655148.200984424, 721934.8916769061 7655135.629876728, 721582.4610520552 7654659.223177819, 721612.8665170615 7654651.174256961, 721921.7659247678 7655068.736570629, 721845.7367410338 7654916.812015588, 721643.2719820681 7654643.125336103, 721673.6774470751 7654635.076415244, 721769.7075572982 7654764.887460544)
5704.27303618
MULTIPOINT (721400.0282620145 7654707.516702966, 721772.5311125908 7655211.056522902, 721799.5912066436 7655198.485415206, 721430.4337270216 7654699.467782107, 721460.8391920273 7654691.41886125, 721826.6513006953 7655185.914307511, 721853.7113947481 7655173.343199816, 721491.2446570345 7654683.369940392, 721521.6501220416 7654675.321019534, 721880.771488801 7655160.77209212, 721907.8315828539 7655148.200984424, 721552.0555870486 7654667.272098676, 721582.4610520552 7654659.223177819, 721934.8916769061 7655135.629876728, 721921.7659247678 7655068.736570629, 721612.8665170615 7654651.174256961, 721643.2719820681 7654643.125336103, 721845.7367410338 7654916.812015588, 721769.7075572982 7654764.887460544, 721673.6774470751 7654635.076415244)
5740.98916142



3
[(722839.371438219, 7654714.885321688), (723091.4233003362, 7654620.390940728), (723456.9794239786, 7654961.039919385), (723076.2258559633, 7654976.5897596665), (722839.371438219, 7654714.885321688)]
111.86607795
16
MULTIPOINT (723102.3322157374 7654975.52358522, 722929.4849395338 7654814.453248014, 722858.0134763573 7654707.896411394, 723143.4084820027 7654973.846045116, 723184.4847482669 7654972.168505013, 722888.5890265596 7654696.433620901, 722919.1645767633 7654684.970830407, 723225.561014532 7654970.49096491, 723266.6372807944 7654968.813424807, 722949.7401269646 7654673.508039914, 722980.3156771674 7654662.045249421, 723307.7135470586 7654967.135884703, 723348.7898133229 7654965.4583446, 723010.8912273701 7654650.582458927, 723041.4667775737 7654639.119668433, 723389.8660795881 7654963.780804497, 723430.9423458524 7654962.103264394, 723072.0423277764 7654627.656877941)
4149.67835555
MULTIPOINT (722929.4849395338 7654814.453248014, 723102.3322157374 7654975.52358522, 723143.4084820027 7654973.846045116, 722858.0134763573 7654707.896411394, 722888.5890265596 7654696.433620901, 723184.4847482669 7654972.168505013, 723225.561014532 7654970.49096491, 722919.1645767633 7654684.970830407, 722949.7401269646 7654673.508039914, 723266.6372807944 7654968.813424807, 723307.7135470586 7654967.135884703, 722980.3156771674 7654662.045249421, 723010.8912273701 7654650.582458927, 723348.7898133229 7654965.4583446, 723389.8660795881 7654963.780804497, 723041.4667775737 7654639.119668433, 723072.0423277764 7654627.656877941, 723430.9423458524 7654962.103264394)
4054.02560081
MULTIPOINT (723072.0423277764 7654627.656877941, 723430.9423458524 7654962.103264394, 723389.8660795881 7654963.780804497, 723041.4667775737 7654639.119668433, 723010.8912273701 7654650.582458927, 723348.7898133229 7654965.4583446, 723307.7135470586 7654967.135884703, 722980.3156771674 7654662.045249421, 722949.7401269646 7654673.508039914, 723266.6372807944 7654968.813424807, 723225.561014532 7654970.49096491, 722919.1645767633 7654684.970830407, 722888.5890265596 7654696.433620901, 723184.4847482669 7654972.168505013, 723143.4084820027 7654973.846045116, 722858.0134763573 7654707.896411394, 722929.4849395338 7654814.453248014, 723102.3322157374 7654975.52358522)
4149.67835555
MULTIPOINT (723430.9423458524 7654962.103264394, 723072.0423277764 7654627.656877941, 723041.4667775737 7654639.119668433, 723389.8660795881 7654963.780804497, 723348.7898133229 7654965.4583446, 723010.8912273701 7654650.582458927, 722980.3156771674 7654662.045249421, 723307.7135470586 7654967.135884703, 723266.6372807944 7654968.813424807, 722949.7401269646 7654673.508039914, 722919.1645767633 7654684.970830407, 723225.561014532 7654970.49096491, 723184.4847482669 7654972.168505013, 722888.5890265596 7654696.433620901, 722858.0134763573 7654707.896411394, 723143.4084820027 7654973.846045116, 723102.3322157374 7654975.52358522, 722929.4849395338 7654814.453248014)
4054.02560081



4
[(720771.4526261123, 7653733.862289703), (721054.0424382347, 7654043.837705495), (720847.9239423822, 7654194.393136628), (720598.4700043899, 7654083.177374814), (720771.4526261123, 7653733.862289703)]
106.406757544
24
MULTIPOINT (720598.644649844 7654083.255238196, 720598.5064924632 7654083.103692069, 720612.4294819114 7654054.98809181, 720665.2852420752 7654112.966070955, 720731.9258343036 7654142.676903713, 720626.352471359 7654026.872491552, 720640.2754608069 7653998.756891293, 720798.5664265337 7654172.38773647, 720854.0818171682 7654189.895231239, 720654.1984502545 7653970.641291036, 720668.1214397027 7653942.525690777, 720877.8255311708 7654172.552075868, 720901.5692451722 7654155.208920498, 720682.0444291503 7653914.410090519, 720695.9674185979 7653886.294490262, 720925.3129591738 7654137.865765128, 720949.0566731753 7654120.522609758, 720709.8904080457 7653858.178890003, 720723.8133974933 7653830.063289746, 720972.8003871768 7654103.179454388, 720996.5441011788 7654085.836299018, 720737.7363869413 7653801.947689488, 720751.6593763893 7653773.832089229, 721020.2878151811 7654068.493143647, 721044.0315291826 7654051.149988278, 720765.5823658369 7653745.71648897)
4102.34803702
MULTIPOINT (720598.5064924632 7654083.103692069, 720598.644649844 7654083.255238196, 720665.2852420752 7654112.966070955, 720612.4294819114 7654054.98809181, 720626.352471359 7654026.872491552, 720731.9258343036 7654142.676903713, 720798.5664265337 7654172.38773647, 720640.2754608069 7653998.756891293, 720654.1984502545 7653970.641291036, 720854.0818171682 7654189.895231239, 720877.8255311708 7654172.552075868, 720668.1214397027 7653942.525690777, 720682.0444291503 7653914.410090519, 720901.5692451722 7654155.208920498, 720925.3129591738 7654137.865765128, 720695.9674185979 7653886.294490262, 720709.8904080457 7653858.178890003, 720949.0566731753 7654120.522609758, 720972.8003871768 7654103.179454388, 720723.8133974933 7653830.063289746, 720737.7363869413 7653801.947689488, 720996.5441011788 7654085.836299018, 721020.2878151811 7654068.493143647, 720751.6593763893 7653773.832089229, 720765.5823658369 7653745.71648897, 721044.0315291826 7654051.149988278)
4117.10116674
MULTIPOINT (720765.5823658369 7653745.71648897, 721044.0315291826 7654051.149988278, 721020.2878151811 7654068.493143647, 720751.6593763893 7653773.832089229, 720737.7363869413 7653801.947689488, 720996.5441011788 7654085.836299018, 720972.8003871768 7654103.179454388, 720723.8133974933 7653830.063289746, 720709.8904080457 7653858.178890003, 720949.0566731753 7654120.522609758, 720925.3129591738 7654137.865765128, 720695.9674185979 7653886.294490262, 720682.0444291503 7653914.410090519, 720901.5692451722 7654155.208920498, 720877.8255311708 7654172.552075868, 720668.1214397027 7653942.525690777, 720654.1984502545 7653970.641291036, 720854.0818171682 7654189.895231239, 720798.5664265337 7654172.38773647, 720640.2754608069 7653998.756891293, 720626.352471359 7654026.872491552, 720731.9258343036 7654142.676903713, 720665.2852420752 7654112.966070955, 720612.4294819114 7654054.98809181, 720598.5064924632 7654083.103692069, 720598.644649844 7654083.255238196)
4102.34803702
MULTIPOINT (721044.0315291826 7654051.149988278, 720765.5823658369 7653745.71648897, 720751.6593763893 7653773.832089229, 721020.2878151811 7654068.493143647, 720996.5441011788 7654085.836299018, 720737.7363869413 7653801.947689488, 720723.8133974933 7653830.063289746, 720972.8003871768 7654103.179454388, 720949.0566731753 7654120.522609758, 720709.8904080457 7653858.178890003, 720695.9674185979 7653886.294490262, 720925.3129591738 7654137.865765128, 720901.5692451722 7654155.208920498, 720682.0444291503 7653914.410090519, 720668.1214397027 7653942.525690777, 720877.8255311708 7654172.552075868, 720854.0818171682 7654189.895231239, 720654.1984502545 7653970.641291036, 720640.2754608069 7653998.756891293, 720798.5664265337 7654172.38773647, 720731.9258343036 7654142.676903713, 720626.352471359 7654026.872491552, 720612.4294819114 7654054.98809181, 720665.2852420752 7654112.966070955, 720598.644649844 7654083.255238196, 720598.5064924632 7654083.103692069)
4117.10116674



5
[(722489.4633109946, 7654298.5393268), (722071.0975108617, 7654053.351164646), (722113.3201067541, 7653925.815004084), (722230.5012721223, 7653858.974349419), (722613.1430200313, 7654185.035029082), (722489.4633109946, 7654298.5393268)]
108.142874964
14
MULTIPOINT (722301.3234965401 7653919.324122424, 722214.2071658786 7653868.268579639, 722184.9103076874 7653884.979637044, 722428.6620958181 7654027.833218609, 722556.0006951004 7654136.342314797, 722155.6134494952 7653901.690694449, 722126.3165913044 7653918.401751853, 722600.7230390866 7654196.43318991, 722578.1927411279 7654217.109868947, 722108.0933885229 7653941.60265431, 722098.699344791 7653969.977988521, 722555.6624431687 7654237.786547985, 722533.1321452096 7654258.463227023, 722089.3053010592 7653998.353322732, 722079.9112573278 7654026.728656942, 722510.6018472512 7654279.13990606)
3841.33182766
MULTIPOINT (722214.2071658786 7653868.268579639, 722301.3234965401 7653919.324122424, 722428.6620958181 7654027.833218609, 722184.9103076874 7653884.979637044, 722155.6134494952 7653901.690694449, 722556.0006951004 7654136.342314797, 722600.7230390866 7654196.43318991, 722126.3165913044 7653918.401751853, 722108.0933885229 7653941.60265431, 722578.1927411279 7654217.109868947, 722555.6624431687 7654237.786547985, 722098.699344791 7653969.977988521, 722089.3053010592 7653998.353322732, 722533.1321452096 7654258.463227023, 722510.6018472512 7654279.13990606, 722079.9112573278 7654026.728656942)
3882.12268981
MULTIPOINT (722510.6018472512 7654279.13990606, 722079.9112573278 7654026.728656942, 722089.3053010592 7653998.353322732, 722533.1321452096 7654258.463227023, 722555.6624431687 7654237.786547985, 722098.699344791 7653969.977988521, 722108.0933885229 7653941.60265431, 722578.1927411279 7654217.109868947, 722600.7230390866 7654196.43318991, 722126.3165913044 7653918.401751853, 722155.6134494952 7653901.690694449, 722556.0006951004 7654136.342314797, 722428.6620958181 7654027.833218609, 722184.9103076874 7653884.979637044, 722214.2071658786 7653868.268579639, 722301.3234965401 7653919.324122424)
3841.33182766
MULTIPOINT (722079.9112573278 7654026.728656942, 722510.6018472512 7654279.13990606, 722533.1321452096 7654258.463227023, 722089.3053010592 7653998.353322732, 722098.699344791 7653969.977988521, 722555.6624431687 7654237.786547985, 722578.1927411279 7654217.109868947, 722108.0933885229 7653941.60265431, 722126.3165913044 7653918.401751853, 722600.7230390866 7654196.43318991, 722556.0006951004 7654136.342314797, 722155.6134494952 7653901.690694449, 722184.9103076874 7653884.979637044, 722428.6620958181 7654027.833218609, 722301.3234965401 7653919.324122424, 722214.2071658786 7653868.268579639)
3882.12268981
