-1.000000 839.977049 834.511616 585.511832 853.956553 525.236936 537.058106 1283.270721 1109.922402 1454.125519 1529.875861 1497.943211 1887.388409 2551.058498 2558.481668 2491.012412 1806.488459 353.182492 359.135940 473.315876 898.704989
2777.874515 -1.000000 -1.000000 -1.000000 -1.000000 2681.076013 2662.608006 3133.477483 3485.498041 3517.799735 3617.531314 3294.077638 3893.583549 4356.322760 4365.268804 4418.046750 3584.706480 2767.148039 2768.445849 3134.173362 3294.598604
3046.319236 -1.000000 -1.000000 -1.000000 -1.000000 3084.998138 3067.009229 3431.369273 3889.580278 3176.871919 3282.417294 2891.209952 3516.644202 3956.330849 3965.049053 4017.909601 3187.140494 2851.394561 2848.874083 3241.921216 3183.216507
3032.339732 -1.000000 -1.000000 -1.000000 -1.000000 2840.419696 2816.354674 3049.095957 3618.049507 3559.420231 3664.825964 3201.346777 3891.096147 4235.635434 4245.312912 4362.238501 3466.002230 2996.724155 2997.048695 3377.413016 3473.703526
3026.874299 -1.000000 -1.000000 -1.000000 -1.000000 2829.225989 2805.071753 3039.014351 3605.998343 3569.132345 3674.416922 3213.539635 3902.071971 4247.966913 4257.645410 4374.203254 3478.337612 2996.389904 2996.805744 3375.761696 3477.499312
13393.746581 12967.209134 12957.127528 13051.590660 13349.482450 -1.000000 -1.000000 -1.000000 -1.000000 14333.406871 14438.238739 13928.145433 14660.808025 14889.047256 14899.723047 15096.729851 14150.303494 13570.224712 13573.430831 13859.502846 14140.318163
13220.398261 13536.162684 13524.111520 13403.611218 13807.693455 -1.000000 -1.000000 -1.000000 -1.000000 14636.306148 14721.847838 14505.226921 15052.095066 15564.893644 15574.054155 15614.947263 14792.411828 13564.334920 13570.092382 13615.706952 14114.491959
12635.712796 12758.532873 12747.339166 12599.189190 13003.111315 -1.000000 -1.000000 -1.000000 -1.000000 13870.385466 13963.117975 13700.903509 14270.277066 14762.404255 14771.430024 14816.255658 13990.298849 12885.001277 12889.668179 13108.719220 13474.424296
12647.533966 12734.467851 12723.184930 12580.721183 12985.122406 -1.000000 -1.000000 -1.000000 -1.000000 13860.660881 13954.139665 13682.201026 14258.196862 14742.717628 14751.791919 14800.941500 13970.436376 12886.637859 12891.175524 13119.725071 13476.157213
12088.790068 11599.830951 11612.023809 11692.561812 11289.694126 12181.274506 12162.572023 12408.516430 12985.597918 -1.000000 -1.000000 -1.000000 -1.000000 11657.546283 11666.011053 11759.885870 10899.756383 11804.337848 11799.594504 12136.295972 11818.753997
12650.596598 12461.941653 12472.917477 12464.429055 12087.489708 12923.009395 12910.929191 13313.540354 13704.827395 -1.000000 -1.000000 -1.000000 -1.000000 11754.284316 11754.505925 11406.924793 11560.601041 12301.477187 12295.542271 12484.060651 11968.943122
12044.972376 11957.904406 11967.616520 11916.283909 11575.356093 12350.756463 12341.031878 12813.777868 13116.677146 -1.000000 -1.000000 -1.000000 -1.000000 11915.632173 11918.723654 11668.416136 11443.931485 11693.507731 11687.548226 11872.033377 11372.001592
12293.084049 12235.671470 12245.262428 12188.376820 11853.262799 12615.850303 12606.871994 13090.971068 13374.580167 -1.000000 -1.000000 -1.000000 -1.000000 12099.052240 12101.236668 11804.511830 11685.172389 11940.175327 11934.210437 12092.884818 11571.407214
13217.404479 12896.267886 12908.232638 12952.076134 12551.938986 13432.171865 13416.857708 13712.646058 14230.863470 11803.961346 11767.695709 11895.431080 11370.108672 -1.000000 -1.000000 -1.000000 -1.000000 12875.998233 12870.167474 13084.705157 12575.765941
12542.546413 12009.697502 12022.032884 12128.401751 11730.835766 12615.880943 12596.018470 12775.885588 13417.993922 11589.142582 11658.022155 11044.967480 11533.450806 -1.000000 -1.000000 -1.000000 -1.000000 12257.175954 12252.357549 12581.914138 12230.605799
13277.450565 12769.664818 12781.996297 12890.352145 12490.360234 13378.320463 13358.633836 13504.963464 14180.809851 12051.177384 12062.236119 11793.091493 11717.468195 -1.000000 -1.000000 -1.000000 -1.000000 12969.006793 12963.716269 13253.846644 12816.991177
13294.539622 12789.008184 12801.340682 12908.964076 12508.744324 13397.012118 13377.374014 13525.305142 14199.636250 12063.934752 12074.086433 11811.222151 11727.355691 -1.000000 -1.000000 -1.000000 -1.000000 12985.441656 12980.139632 13269.163728 12830.749095
6596.155908 7307.890365 7306.239045 7064.650712 7172.398565 7121.083392 7132.089243 7871.867018 7628.071124 7404.026552 7452.516661 7668.289147 7843.692495 8650.294608 8655.945806 8481.153122 7968.696216 -1.000000 -1.000000 -1.000000 -1.000000
7001.191030 7383.826884 7387.622671 7204.721963 7093.339865 7466.434478 7468.167395 8132.328344 8106.502140 6883.640776 6910.685067 7330.393181 7308.220975 8193.085150 8197.177182 7951.859915 7597.033886 -1.000000 -1.000000 -1.000000 -1.000000
6476.022524 6927.201504 6926.867253 6697.625388 6781.871910 6897.365449 6899.002031 7582.588884 7576.699092 7225.500906 7299.807171 7336.331023 7661.109031 8365.454757 8372.223734 8272.446197 7643.958031 -1.000000 -1.000000 -1.000000 -1.000000
6461.621981 6907.172053 6906.929102 6678.569208 6758.997441 6881.678360 6883.185705 7565.441012 7562.102564 7199.187410 7273.488290 7311.233688 7634.820123 8339.810242 8346.567719 8246.261448 7618.785636 -1.000000 -1.000000 -1.000000 -1.000000
