800974.51997
7517785.32651
801687.06986,801751.27438,801826.61962,801880.62396,801805.22350,801742.93815,801687.06986
7517933.07352,7517865.87477,7517700.11154,7517775.66445,7517952.03480,7518016.98027,7517933.07352
801125.07288,801430.26092,801577.87254,801673.68328,801116.17536,801125.07288
7517561.46318,7517245.38309,7517326.70037,7517453.64601,7517713.35675,7517561.46318
801935.71596,801920.38928,801858.92046,801896.29293,801958.52608,802026.39188,801995.54371,801957.37271,801935.71596
7517635.29145,7517579.11326,7517537.44094,7517471.32419,7517480.47067,7517570.07944,7517627.49336,7517674.49741,7517635.29145
801609.24426,801809.47789,801804.07636,801806.52753,801708.10842,801609.24426
7517162.34180,7517074.12610,7517162.54426,7517223.61817,7517242.49453,7517162.34180
801148.06575,801262.59910,801183.70009,801077.56743,800963.13952,801048.66165,801148.06575
7516954.60956,7517055.62112,7517172.97659,7517286.41916,7517131.63873,7517032.24902,7516954.60956
