721614.63945
7654170.50710
720958.70991,721009.95222,721028.76761,720829.70483,720700.69975,721047.58300,721066.39839,720623.49949,720636.91438,721085.21378,721104.02916,720650.32927,720663.74416,721122.84455,721141.65994,720677.15905,720690.57394,721160.47533,721179.29072,720703.98883,720717.40372,721198.10611,721216.92150,720730.81861,720744.23350,721235.73689,721254.55228,720757.64839
7654922.32664,7654903.23903,7654927.42321,7655001.57355,7655080.82045,7654951.60739,7654975.79157,7655140.77020,7655166.96605,7654999.97575,7655024.15994,7655193.16191,7655219.35776,7655048.34412,7655072.52830,7655245.55361,7655271.74947,7655096.71248,7655120.89667,7655297.94532,7655324.14118,7655145.08085,7655169.26503,7655350.33703,7655376.53288,7655193.44921,7655217.63340,7655402.72874
721009.95222,720958.70991,720829.70483,721028.76761,721047.58300,720700.69975,720623.49949,721066.39839,721085.21378,720636.91438,720650.32927,721104.02916,721122.84455,720663.74416,720677.15905,721141.65994,721160.47533,720690.57394,720703.98883,721179.29072,721198.10611,720717.40372,720730.81861,721216.92150,721235.73689,720744.23350,720757.64839,721254.55228
7654903.23903,7654922.32664,7655001.57355,7654927.42321,7654951.60739,7655080.82045,7655140.77020,7654975.79157,7654999.97575,7655166.96605,7655193.16191,7655024.15994,7655048.34412,7655219.35776,7655245.55361,7655072.52830,7655096.71248,7655271.74947,7655297.94532,7655120.89667,7655145.08085,7655324.14118,7655350.33703,7655169.26503,7655193.44921,7655376.53288,7655402.72874,7655217.63340
720757.64839,721254.55228,721235.73689,720744.23350,720730.81861,721216.92150,721198.10611,720717.40372,720703.98883,721179.29072,721160.47533,720690.57394,720677.15905,721141.65994,721122.84455,720663.74416,720650.32927,721104.02916,721085.21378,720636.91438,720623.49949,721066.39839,721047.58300,720700.69975,720829.70483,721028.76761,721009.95222,720958.70991
7655402.72874,7655217.63340,7655193.44921,7655376.53288,7655350.33703,7655169.26503,7655145.08085,7655324.14118,7655297.94532,7655120.89667,7655096.71248,7655271.74947,7655245.55361,7655072.52830,7655048.34412,7655219.35776,7655193.16191,7655024.15994,7654999.97575,7655166.96605,7655140.77020,7654975.79157,7654951.60739,7655080.82045,7655001.57355,7654927.42321,7654903.23903,7654922.32664
721254.55228,720757.64839,720744.23350,721235.73689,721216.92150,720730.81861,720717.40372,721198.10611,721179.29072,720703.98883,720690.57394,721160.47533,721141.65994,720677.15905,720663.74416,721122.84455,721104.02916,720650.32927,720636.91438,721085.21378,721066.39839,720623.49949,720700.69975,721047.58300,721028.76761,720829.70483,720958.70991,721009.95222
7655217.63340,7655402.72874,7655376.53288,7655193.44921,7655169.26503,7655350.33703,7655324.14118,7655145.08085,7655120.89667,7655297.94532,7655271.74947,7655096.71248,7655072.52830,7655245.55361,7655219.35776,7655048.34412,7655024.15994,7655193.16191,7655166.96605,7654999.97575,7654975.79157,7655140.77020,7655080.82045,7654951.60739,7654927.42321,7655001.57355,7654922.32664,7654903.23903
721769.70756,721673.67745,721643.27198,721845.73674,721921.76592,721612.86652,721582.46105,721934.89168,721907.83158,721552.05559,721521.65012,721880.77149,721853.71139,721491.24466,721460.83919,721826.65130,721799.59121,721430.43373,721400.02826,721772.53111
7654764.88746,7654635.07642,7654643.12534,7654916.81202,7655068.73657,7654651.17426,7654659.22318,7655135.62988,7655148.20098,7654667.27210,7654675.32102,7655160.77209,7655173.34320,7654683.36994,7654691.41886,7655185.91431,7655198.48542,7654699.46778,7654707.51670,7655211.05652
721673.67745,721769.70756,721845.73674,721643.27198,721612.86652,721921.76592,721934.89168,721582.46105,721552.05559,721907.83158,721880.77149,721521.65012,721491.24466,721853.71139,721826.65130,721460.83919,721430.43373,721799.59121,721772.53111,721400.02826
7654635.07642,7654764.88746,7654916.81202,7654643.12534,7654651.17426,7655068.73657,7655135.62988,7654659.22318,7654667.27210,7655148.20098,7655160.77209,7654675.32102,7654683.36994,7655173.34320,7655185.91431,7654691.41886,7654699.46778,7655198.48542,7655211.05652,7654707.51670
721772.53111,721400.02826,721430.43373,721799.59121,721826.65130,721460.83919,721491.24466,721853.71139,721880.77149,721521.65012,721552.05559,721907.83158,721934.89168,721582.46105,721612.86652,721921.76592,721845.73674,721643.27198,721673.67745,721769.70756
7655211.05652,7654707.51670,7654699.46778,7655198.48542,7655185.91431,7654691.41886,7654683.36994,7655173.34320,7655160.77209,7654675.32102,7654667.27210,7655148.20098,7655135.62988,7654659.22318,7654651.17426,7655068.73657,7654916.81202,7654643.12534,7654635.07642,7654764.88746
721400.02826,721772.53111,721799.59121,721430.43373,721460.83919,721826.65130,721853.71139,721491.24466,721521.65012,721880.77149,721907.83158,721552.05559,721582.46105,721934.89168,721921.76592,721612.86652,721643.27198,721845.73674,721769.70756,721673.67745
7654707.51670,7655211.05652,7655198.48542,7654699.46778,7654691.41886,7655185.91431,7655173.34320,7654683.36994,7654675.32102,7655160.77209,7655148.20098,7654667.27210,7654659.22318,7655135.62988,7655068.73657,7654651.17426,7654643.12534,7654916.81202,7654764.88746,7654635.07642
723102.33222,722929.48494,722858.01348,723143.40848,723184.48475,722888.58903,722919.16458,723225.56101,723266.63728,722949.74013,722980.31568,723307.71355,723348.78981,723010.89123,723041.46678,723389.86608,723430.94235,723072.04233
7654975.52359,7654814.45325,7654707.89641,7654973.84605,7654972.16851,7654696.43362,7654684.97083,7654970.49096,7654968.81342,7654673.50804,7654662.04525,7654967.13588,7654965.45834,7654650.58246,7654639.11967,7654963.78080,7654962.10326,7654627.65688
722929.48494,723102.33222,723143.40848,722858.01348,722888.58903,723184.48475,723225.56101,722919.16458,722949.74013,723266.63728,723307.71355,722980.31568,723010.89123,723348.78981,723389.86608,723041.46678,723072.04233,723430.94235
7654814.45325,7654975.52359,7654973.84605,7654707.89641,7654696.43362,7654972.16851,7654970.49096,7654684.97083,7654673.50804,7654968.81342,7654967.13588,7654662.04525,7654650.58246,7654965.45834,7654963.78080,7654639.11967,7654627.65688,7654962.10326
723072.04233,723430.94235,723389.86608,723041.46678,723010.89123,723348.78981,723307.71355,722980.31568,722949.74013,723266.63728,723225.56101,722919.16458,722888.58903,723184.48475,723143.40848,722858.01348,722929.48494,723102.33222
7654627.65688,7654962.10326,7654963.78080,7654639.11967,7654650.58246,7654965.45834,7654967.13588,7654662.04525,7654673.50804,7654968.81342,7654970.49096,7654684.97083,7654696.43362,7654972.16851,7654973.84605,7654707.89641,7654814.45325,7654975.52359
723430.94235,723072.04233,723041.46678,723389.86608,723348.78981,723010.89123,722980.31568,723307.71355,723266.63728,722949.74013,722919.16458,723225.56101,723184.48475,722888.58903,722858.01348,723143.40848,723102.33222,722929.48494
7654962.10326,7654627.65688,7654639.11967,7654963.78080,7654965.45834,7654650.58246,7654662.04525,7654967.13588,7654968.81342,7654673.50804,7654684.97083,7654970.49096,7654972.16851,7654696.43362,7654707.89641,7654973.84605,7654975.52359,7654814.45325
720598.64465,720598.50649,720612.42948,720665.28524,720731.92583,720626.35247,720640.27546,720798.56643,720854.08182,720654.19845,720668.12144,720877.82553,720901.56925,720682.04443,720695.96742,720925.31296,720949.05667,720709.89041,720723.81340,720972.80039,720996.54410,720737.73639,720751.65938,721020.28782,721044.03153,720765.58237
7654083.25524,7654083.10369,7654054.98809,7654112.96607,7654142.67690,7654026.87249,7653998.75689,7654172.38774,7654189.89523,7653970.64129,7653942.52569,7654172.55208,7654155.20892,7653914.41009,7653886.29449,7654137.86577,7654120.52261,7653858.17889,7653830.06329,7654103.17945,7654085.83630,7653801.94769,7653773.83209,7654068.49314,7654051.14999,7653745.71649
720598.50649,720598.64465,720665.28524,720612.42948,720626.35247,720731.92583,720798.56643,720640.27546,720654.19845,720854.08182,720877.82553,720668.12144,720682.04443,720901.56925,720925.31296,720695.96742,720709.89041,720949.05667,720972.80039,720723.81340,720737.73639,720996.54410,721020.28782,720751.65938,720765.58237,721044.03153
7654083.10369,7654083.25524,7654112.96607,7654054.98809,7654026.87249,7654142.67690,7654172.38774,7653998.75689,7653970.64129,7654189.89523,7654172.55208,7653942.52569,7653914.41009,7654155.20892,7654137.86577,7653886.29449,7653858.17889,7654120.52261,7654103.17945,7653830.06329,7653801.94769,7654085.83630,7654068.49314,7653773.83209,7653745.71649,7654051.14999
720765.58237,721044.03153,721020.28782,720751.65938,720737.73639,720996.54410,720972.80039,720723.81340,720709.89041,720949.05667,720925.31296,720695.96742,720682.04443,720901.56925,720877.82553,720668.12144,720654.19845,720854.08182,720798.56643,720640.27546,720626.35247,720731.92583,720665.28524,720612.42948,720598.50649,720598.64465
7653745.71649,7654051.14999,7654068.49314,7653773.83209,7653801.94769,7654085.83630,7654103.17945,7653830.06329,7653858.17889,7654120.52261,7654137.86577,7653886.29449,7653914.41009,7654155.20892,7654172.55208,7653942.52569,7653970.64129,7654189.89523,7654172.38774,7653998.75689,7654026.87249,7654142.67690,7654112.96607,7654054.98809,7654083.10369,7654083.25524
721044.03153,720765.58237,720751.65938,721020.28782,720996.54410,720737.73639,720723.81340,720972.80039,720949.05667,720709.89041,720695.96742,720925.31296,720901.56925,720682.04443,720668.12144,720877.82553,720854.08182,720654.19845,720640.27546,720798.56643,720731.92583,720626.35247,720612.42948,720665.28524,720598.64465,720598.50649
7654051.14999,7653745.71649,7653773.83209,7654068.49314,7654085.83630,7653801.94769,7653830.06329,7654103.17945,7654120.52261,7653858.17889,7653886.29449,7654137.86577,7654155.20892,7653914.41009,7653942.52569,7654172.55208,7654189.89523,7653970.64129,7653998.75689,7654172.38774,7654142.67690,7654026.87249,7654054.98809,7654112.96607,7654083.25524,7654083.10369
722301.32350,722214.20717,722184.91031,722428.66210,722556.00070,722155.61345,722126.31659,722600.72304,722578.19274,722108.09339,722098.69934,722555.66244,722533.13215,722089.30530,722079.91126,722510.60185
7653919.32412,7653868.26858,7653884.97964,7654027.83322,7654136.34231,7653901.69069,7653918.40175,7654196.43319,7654217.10987,7653941.60265,7653969.97799,7654237.78655,7654258.46323,7653998.35332,7654026.72866,7654279.13991
722214.20717,722301.32350,722428.66210,722184.91031,722155.61345,722556.00070,722600.72304,722126.31659,722108.09339,722578.19274,722555.66244,722098.69934,722089.30530,722533.13215,722510.60185,722079.91126
7653868.26858,7653919.32412,7654027.83322,7653884.97964,7653901.69069,7654136.34231,7654196.43319,7653918.40175,7653941.60265,7654217.10987,7654237.78655,7653969.97799,7653998.35332,7654258.46323,7654279.13991,7654026.72866
722510.60185,722079.91126,722089.30530,722533.13215,722555.66244,722098.69934,722108.09339,722578.19274,722600.72304,722126.31659,722155.61345,722556.00070,722428.66210,722184.91031,722214.20717,722301.32350
7654279.13991,7654026.72866,7653998.35332,7654258.46323,7654237.78655,7653969.97799,7653941.60265,7654217.10987,7654196.43319,7653918.40175,7653901.69069,7654136.34231,7654027.83322,7653884.97964,7653868.26858,7653919.32412
722079.91126,722510.60185,722533.13215,722089.30530,722098.69934,722555.66244,722578.19274,722108.09339,722126.31659,722600.72304,722556.00070,722155.61345,722184.91031,722428.66210,722301.32350,722214.20717
7654026.72866,7654279.13991,7654258.46323,7653998.35332,7653969.97799,7654237.78655,7654217.10987,7653941.60265,7653918.40175,7654196.43319,7654136.34231,7653901.69069,7653884.97964,7654027.83322,7653919.32412,7653868.26858
