800974.519965 7517785.326506
801688.346775 7517931.737059
801722.531991 7517986.332929
801750.849786 7517866.319164
801804.798275 7517952.478182
801833.746683 7517710.082408
801760.704808 7517880.935743
801798.487844 7517941.277549
801873.531454 7517765.741925
801438.053982 7517249.676184
801416.356439 7517259.783816
801660.552668 7517436.248440
801117.591414 7517689.182730
801983.342713 7517642.517750
801963.731165 7517607.014274
801963.467887 7517666.991758
801925.721631 7517598.658382
801972.639758 7517499.106108
801941.449492 7517477.960901
801998.267078 7517622.424678
801862.796622 7517530.583501
801806.332309 7517218.754038
801798.689095 7517225.121551
801804.854775 7517181.939513
801739.363398 7517236.499963
801705.089370 7517240.046879
801717.732501 7517234.476773
801628.508585 7517177.960080
801807.964539 7517098.898270
801184.719300 7517171.460597
801180.146039 7517176.775423
800974.447618 7517146.934579
801123.280687 7516973.967902
