721614.639447 7654170.507103
720958.709913 7654922.326644
721009.952220 7654903.239025
720757.648392 7655402.728735
721254.552277 7655217.633396
721769.707557 7654764.887461
721673.677447 7654635.076415
721772.531113 7655211.056523
721400.028262 7654707.516703
723102.332216 7654975.523585
722929.484940 7654814.453248
723072.042328 7654627.656878
723430.942346 7654962.103264
720598.644650 7654083.255238
720598.506492 7654083.103692
720765.582366 7653745.716489
721044.031529 7654051.149988
722301.323497 7653919.324122
722214.207166 7653868.268580
722510.601847 7654279.139906
722079.911257 7654026.728657
