-1.000000 728.687014 774.548625 780.543273 846.936689 862.515059 791.977104 838.596323 899.224784 708.367879 686.596379 769.737855 172.374781 1018.880600 1005.153744 996.002563 969.344932 1038.347359 1014.606487 1036.626817 924.083015 1006.437349 996.536174 1026.416952 941.379865 911.625760 925.094752 892.521759 1079.728475 648.856775 642.352320 638.391931 824.883347
1251.723698 -1.000000 -1.000000 -1.000000 -1.000000 648.047096 488.808977 559.995649 629.820182 1162.620791 1163.835409 910.628256 1128.746758 793.887775 806.676337 762.621451 790.902892 900.174853 903.789241 818.599245 825.087940 1121.118039 1114.160190 1157.687559 1101.104359 1099.122293 1103.890122 1170.326760 1240.723746 1367.468412 1366.263292 1529.629530 1562.112938
1306.605854 -1.000000 -1.000000 -1.000000 -1.000000 703.787420 543.708171 472.525126 658.653285 1252.406213 1253.843293 995.672843 1195.588839 817.375171 839.938774 786.285982 833.582136 943.112028 953.470953 842.246600 885.531738 1193.394914 1187.051452 1230.207837 1178.631288 1179.044052 1182.930165 1253.996772 1313.254951 1456.908557 1455.613535 1616.554083 1652.124025
1199.867439 -1.000000 -1.000000 -1.000000 -1.000000 736.268934 559.591163 581.733923 719.872503 1197.715709 1196.094146 967.447977 1091.337086 884.303181 896.952017 852.994124 880.189260 988.859901 990.770442 909.044266 908.624051 1193.859727 1186.359356 1229.975835 1168.286812 1163.073205 1169.059660 1227.328785 1312.565508 1383.134882 1381.254631 1532.107820 1583.215245
1234.217791 -1.000000 -1.000000 -1.000000 -1.000000 757.466174 571.766136 547.982691 726.991497 1249.346883 1248.096133 1013.234321 1133.650874 891.214192 909.179658 859.705276 897.364933 1007.340481 1013.173448 916.242329 936.514747 1231.808950 1224.680712 1268.264125 1209.691014 1206.159027 1211.540640 1273.491667 1351.206599 1436.019209 1434.125874 1584.044468 1636.098115
1473.475274 745.432450 723.192477 723.694176 647.734913 -1.000000 -1.000000 -1.000000 -1.000000 1414.766775 1416.197145 1158.405946 1360.944890 986.203219 1007.755999 954.958802 1000.359910 1110.109919 1119.750429 1011.148664 1050.577425 1357.445046 1351.034978 1394.243681 1342.132192 1342.302253 1346.278110 1416.893343 1477.311536 1619.424515 1618.143967 1779.441335 1814.536808
1534.103736 883.571030 902.201283 793.518709 833.863071 -1.000000 -1.000000 -1.000000 -1.000000 1310.130370 1316.789945 1027.212890 1394.685937 799.932609 817.445254 768.446005 809.923875 919.338289 930.565910 824.875818 870.282268 1185.979191 1180.655250 1222.706939 1180.862579 1186.900705 1188.517801 1271.686382 1304.938263 1544.622036 1544.639841 1726.334070 1725.650383
1497.394011 899.967461 932.675960 811.745623 878.997206 -1.000000 -1.000000 -1.000000 -1.000000 1241.959346 1248.868722 958.886989 1351.339116 799.025091 800.767485 771.569825 779.359762 887.470094 890.770117 821.294718 816.713373 1126.971539 1121.105305 1163.811518 1117.774941 1122.204410 1124.429777 1205.209425 1246.606644 1478.294626 1478.448832 1662.269024 1657.926603
1426.856056 723.289690 746.975922 652.507504 718.917957 -1.000000 -1.000000 -1.000000 -1.000000 1343.816316 1345.094071 1090.704849 1305.970642 961.085598 975.837413 929.641390 961.851520 1071.582848 1076.531942 985.968403 999.802824 1298.630772 1291.792234 1335.268093 1279.668011 1278.176404 1282.764605 1350.176529 1418.343113 1548.724830 1547.507158 1710.498810 1743.436652
5072.574077 4799.103774 4856.401377 4742.284054 4838.839899 4626.844260 4758.662119 4826.363216 4695.170161 -1.000000 -1.000000 -1.000000 -1.000000 4685.903371 4650.799109 4683.625020 4613.788900 4621.190487 4586.813254 4688.468967 4525.999213 4564.667310 4555.138096 4595.233432 4517.569976 4504.029091 4512.553506 4563.104738 4670.987546 4847.381901 4848.836934 5047.445281 5011.612970
4430.529238 4878.311119 4932.136166 4915.720791 4994.074131 4974.614622 4929.246147 4984.220395 5017.961443 -1.000000 -1.000000 -1.000000 -1.000000 5125.162492 5108.274527 5104.321963 5071.339003 5134.074998 5108.658304 5141.356736 5020.049803 5092.221107 5082.318779 5112.336294 5027.259189 4997.665689 5011.099895 4980.916488 5166.477525 4780.210355 4774.365974 4818.978140 4973.391913
5011.204101 5029.371506 5092.513940 4994.276588 5095.573269 4909.916616 5011.773587 5082.724046 4978.087640 -1.000000 -1.000000 -1.000000 -1.000000 4974.895964 4938.467413 4973.814657 4902.509725 4892.749131 4855.575719 4975.725629 4812.066259 4672.410444 4664.306297 4675.839008 4604.433598 4570.045171 4582.927450 4506.345817 4702.295606 4567.970413 4570.849334 4777.690619 4721.282496
4944.750837 4983.068178 5046.581424 4950.809442 5052.328585 4872.144227 4968.369577 5039.472650 4940.065450 -1.000000 -1.000000 -1.000000 -1.000000 4942.229526 4906.373619 4940.172965 4869.945982 4863.733760 4826.770281 4943.813547 4780.305112 4650.282781 4642.055138 4654.374968 4581.999534 4547.561182 4560.591190 4485.538839 4681.523165 4506.059187 4508.525675 4714.244752 4667.524868
1153.545227 539.356364 557.578775 448.983691 484.159481 294.233538 452.305103 477.622515 291.109717 828.521099 839.561172 538.331462 1003.710171 -1.000000 -1.000000 -1.000000 -1.000000 325.678664 347.851556 214.086526 327.077075 632.525446 629.137119 667.869814 642.873487 656.583131 654.991247 750.290264 746.534602 1080.581393 1081.612561 1274.959580 1246.669193
1119.497972 559.161876 587.848807 469.875508 524.066011 294.633851 477.125609 515.633998 325.197963 749.826543 761.944565 461.105718 963.337586 -1.000000 -1.000000 -1.000000 -1.000000 260.207417 271.870941 226.492276 242.855501 548.375491 544.699652 584.046359 557.446683 571.200311 569.542743 665.247843 663.599145 1005.478944 1006.814114 1203.232639 1167.084534
1176.423264 570.665421 589.087691 480.250014 515.248670 321.688804 483.749311 508.866931 322.596322 829.602406 841.617733 540.609814 1024.550699 -1.000000 -1.000000 -1.000000 -1.000000 301.353138 327.348431 182.572012 322.043838 616.790274 613.959738 651.496363 631.226472 646.835751 644.416595 742.111811 728.751596 1084.739621 1086.004195 1281.585365 1246.884478
1155.306784 575.924633 599.663533 485.648952 530.422649 316.041574 491.111502 523.030087 332.719343 785.784232 798.372202 498.115927 1000.273110 -1.000000 -1.000000 -1.000000 -1.000000 258.428316 281.115806 187.971156 276.760485 569.104602 566.183011 603.948435 583.306304 599.108101 596.582803 694.635988 681.608698 1042.658778 1044.083194 1241.187074 1202.343477
1671.942999 1073.180023 1091.889346 982.735002 1017.893617 821.731949 986.405634 1011.585894 825.313049 1308.205589 1320.975272 1020.948928 1518.518461 660.345530 673.134298 691.860044 711.655418 -1.000000 -1.000000 -1.000000 -1.000000 1082.293745 1079.929662 1116.393619 1100.040834 1117.152202 1114.067920 1213.477166 1192.357435 1565.492827 1566.941265 1764.163879 1724.397160
1598.888909 1112.249521 1151.651475 1028.713410 1100.668467 856.640315 1039.729766 1090.504367 910.209210 1184.035931 1196.956549 897.968885 1436.701240 839.307068 801.413339 844.340304 767.508354 -1.000000 -1.000000 -1.000000 -1.000000 991.706245 986.922503 1028.231824 993.743016 1005.385847 1004.537290 1098.166451 1109.959541 1442.111645 1443.695987 1642.457923 1600.389355
1673.663541 1152.995658 1182.987498 1064.310611 1118.759045 887.907325 1072.020079 1110.547150 919.775520 1225.229091 1240.895485 953.670448 1511.236723 779.126655 743.591458 803.452182 745.370559 -1.000000 -1.000000 -1.000000 -1.000000 961.284664 959.856428 994.128738 986.570859 1007.733817 1002.748346 1106.018887 1068.079677 1488.645093 1490.853070 1693.811499 1633.905671
1689.412381 1194.395911 1228.310176 1107.414710 1168.607681 930.697060 1116.458884 1159.677371 970.492852 1227.545391 1243.421717 958.782926 1525.309741 844.611661 805.768660 865.114786 796.523795 -1.000000 -1.000000 -1.000000 -1.000000 967.115406 965.164754 1000.822426 989.674397 1010.170157 1005.462533 1108.317721 1076.684870 1491.251250 1493.521742 1696.897402 1635.747690
1182.012642 914.391100 964.190650 842.102824 926.134362 684.528256 855.984831 914.960419 743.423677 528.598476 551.816200 447.992900 1009.777526 649.549388 609.391084 665.922839 589.489009 514.408245 481.612222 636.673126 509.021620 -1.000000 -1.000000 -1.000000 -1.000000 271.049586 257.332873 331.986775 238.695141 775.819694 780.325770 986.740318 868.193352
1073.412710 829.139232 882.054694 761.956779 850.994968 614.928834 776.821904 839.286086 678.016472 433.630221 455.877922 346.766600 901.137577 605.716653 565.186109 617.363668 539.326487 483.287522 446.901348 596.757496 450.969967 -1.000000 -1.000000 -1.000000 -1.000000 166.489914 153.758153 257.395150 285.787008 690.477287 694.430459 902.174461 801.720078
1162.033039 878.274992 927.735475 805.533304 889.321438 647.688277 819.347510 878.161784 706.695929 525.169912 547.724014 417.426778 989.662339 614.843299 574.547251 630.578472 553.818141 481.564171 447.905202 602.573252 472.496041 -1.000000 -1.000000 -1.000000 -1.000000 259.053497 245.579747 338.038624 275.462572 779.005188 783.187476 990.574836 881.184948
1128.569019 847.211776 897.044392 775.012610 859.415132 618.259199 788.946127 848.188872 677.809143 493.502920 515.933526 384.334719 956.197167 588.449919 548.062816 603.627300 526.579457 456.573091 422.391706 576.646325 444.149454 -1.000000 -1.000000 -1.000000 -1.000000 226.815090 213.528185 308.627326 258.596468 748.343163 752.462423 959.974399 852.626124
1570.745463 1434.372065 1492.046206 1377.370039 1472.551311 1248.554178 1393.521282 1460.238095 1315.031135 881.733299 905.608086 938.492220 1400.985735 1262.792851 1222.706652 1270.971303 1193.318507 1148.926409 1111.735531 1256.384688 1101.584261 860.666638 854.818185 854.614789 803.586009 -1.000000 -1.000000 -1.000000 -1.000000 1122.060580 1126.587815 1333.020108 1223.079683
1687.640822 1449.297430 1499.449780 1377.455668 1461.498132 1219.640039 1391.376508 1450.344931 1277.971658 1007.371731 1031.281055 976.063671 1516.235415 1179.121278 1139.368005 1196.904284 1121.358451 1040.675842 1009.791323 1164.953600 1043.065993 727.779229 734.475970 691.011798 761.666510 -1.000000 -1.000000 -1.000000 -1.000000 1235.367460 1240.542507 1442.812308 1303.900546
1589.849465 1370.116484 1424.713566 1306.165573 1397.598591 1165.549162 1321.521157 1385.647006 1230.245458 945.432653 967.630429 879.416573 1417.734936 1167.516791 1127.178765 1177.264171 1099.270975 1050.641339 1013.587967 1160.059724 1008.803658 781.681511 773.005949 793.677600 712.680773 -1.000000 -1.000000 -1.000000 -1.000000 1203.094249 1206.966344 1414.774634 1317.988791
1533.007099 1305.791582 1359.783822 1240.622045 1331.173346 1097.463172 1255.798000 1319.311506 1161.551196 888.003575 910.349079 817.629630 1360.857784 1094.786277 1054.342109 1105.360929 1027.302049 975.344511 938.568986 1086.664085 937.643743 697.896404 689.407687 709.649530 629.637655 -1.000000 -1.000000 -1.000000 -1.000000 1144.637705 1148.586602 1356.334723 1256.940721
2571.885011 2994.420476 3057.868383 2991.942186 3090.377998 2960.883153 3009.112939 3078.055463 3024.948199 2408.347478 2389.583375 2678.102140 2494.316764 3057.535781 3024.527114 3050.909996 2986.572680 2991.988398 2955.584588 3062.340778 2901.145109 2768.472227 2761.434634 2764.637709 2703.634697 2670.044010 2681.915457 2588.289485 2768.393042 -1.000000 -1.000000 -1.000000 -1.000000
2740.161255 3027.312728 3091.706857 3006.210421 3107.732767 2938.325559 3023.835608 3094.935764 3006.049339 2333.724181 2324.648318 2624.054655 2630.515363 3004.619721 2967.468344 3004.404436 2932.209401 2913.867397 2876.219704 3004.358885 2840.861368 2640.867165 2635.871186 2627.875570 2584.965140 2555.042994 2564.306282 2460.133886 2611.266107 -1.000000 -1.000000 -1.000000 -1.000000
2582.349856 2845.447538 2909.843125 2829.781068 2930.732472 2776.908755 2847.338959 2918.038643 2843.236165 2198.627272 2181.397811 2478.038760 2455.548978 2860.690038 2825.998818 2856.531809 2788.818984 2786.821991 2749.938437 2863.669725 2700.798831 2556.902579 2549.803398 2553.717085 2491.937522 2458.363625 2470.218439 2377.329957 2560.948194 -1.000000 -1.000000 -1.000000 -1.000000
2557.630227 2825.352113 2889.734616 2810.360774 2911.222277 2758.847788 2827.906113 2898.542922 2825.038796 2183.291020 2165.649125 2461.278619 2431.489424 2843.739438 2809.208061 2839.347804 2771.938981 2770.814796 2733.993756 2846.902990 2684.168001 2542.869693 2535.707485 2540.007988 2477.675521 2444.020547 2455.952163 2363.642019 2547.908068 -1.000000 -1.000000 -1.000000 -1.000000
