732529.43037
7642715.27946
732488.29368,732349.95657,732446.02678,732622.19380,732818.87257,732601.91867,732488.29368
7643270.05208,7643153.86008,7642993.01101,7642914.21930,7643247.30030,7643335.04990,7643270.05208
731799.13279,732207.32802,732271.00864,732165.73766,732006.69734,731904.69514,731799.13279
7642326.93998,7642189.32636,7642315.19837,7642405.61787,7642495.19077,7642469.55636,7642326.93998
731484.64652,731929.76977,732018.42107,731571.21048,731484.64652
7641904.91215,7641729.15778,7642092.53933,7642038.52373,7641904.91215
733167.13526,733342.94391,733026.22262,733167.13526
7642099.93851,7642503.56438,7642201.67786,7642099.93851
732103.09869,732050.35620,732039.90468,732125.27921,732218.88613,732103.09869
7643056.20805,7643027.77985,7642982.56475,7642936.67808,7643009.28336,7643056.20805
