732529.43037
7642715.27946
732357.04215,732377.91191,732445.26021,732374.11230,732391.18246,732506.80063,732558.06200,732408.25261,732425.32276,732605.87688,732633.27888,732442.39291,732467.16432,732660.68087,732688.08286,732494.01855,732520.87279,732715.48486,732742.88685,732547.72702,732574.58125,732770.28884,732797.69084,732601.43549
7643141.99679,7643177.34030,7643233.90744,7643113.41646,7643084.83613,7643280.63876,7643309.96221,7643056.25581,7643027.67548,7643333.44895,7643322.36589,7642999.09515,7642983.55712,7643311.28282,7643300.19976,7642971.54641,7642959.53570,7643289.11670,7643278.03363,7642947.52499,7642935.51428,7643266.95057,7643255.86750,7642923.50357
732377.91191,732357.04215,732374.11230,732445.26021,732506.80063,732391.18246,732408.25261,732558.06200,732605.87688,732425.32276,732442.39291,732633.27888,732660.68087,732467.16432,732494.01855,732688.08286,732715.48486,732520.87279,732547.72702,732742.88685,732770.28884,732574.58125,732601.43549,732797.69084
7643177.34030,7643141.99679,7643113.41646,7643233.90744,7643280.63876,7643084.83613,7643056.25581,7643309.96221,7643333.44895,7643027.67548,7642999.09515,7643322.36589,7643311.28282,7642983.55712,7642971.54641,7643300.19976,7643289.11670,7642959.53570,7642947.52499,7643278.03363,7643266.95057,7642935.51428,7642923.50357,7643255.86750
732601.43549,732797.69084,732770.28884,732574.58125,732547.72702,732742.88685,732715.48486,732520.87279,732494.01855,732688.08286,732660.68087,732467.16432,732442.39291,732633.27888,732605.87688,732425.32276,732408.25261,732558.06200,732506.80063,732391.18246,732374.11230,732445.26021,732377.91191,732357.04215
7642923.50357,7643255.86750,7643266.95057,7642935.51428,7642947.52499,7643278.03363,7643289.11670,7642959.53570,7642971.54641,7643300.19976,7643311.28282,7642983.55712,7642999.09515,7643322.36589,7643333.44895,7643027.67548,7643056.25581,7643309.96221,7643280.63876,7643084.83613,7643113.41646,7643233.90744,7643177.34030,7643141.99679
732797.69084,732601.43549,732574.58125,732770.28884,732742.88685,732547.72702,732520.87279,732715.48486,732688.08286,732494.01855,732467.16432,732660.68087,732633.27888,732442.39291,732425.32276,732605.87688,732558.06200,732408.25261,732391.18246,732506.80063,732445.26021,732374.11230,732357.04215,732377.91191
7643255.86750,7642923.50357,7642935.51428,7643266.95057,7643278.03363,7642947.52499,7642959.53570,7643289.11670,7643300.19976,7642971.54641,7642983.55712,7643311.28282,7643322.36589,7642999.09515,7643027.67548,7643333.44895,7643309.96221,7643056.25581,7643084.83613,7643280.63876,7643233.90744,7643113.41646,7643141.99679,7643177.34030
731972.74644,732095.06379,732194.23375,731920.32441,731891.87021,732253.35124,732261.65856,731873.59736,731855.32450,732248.32639,732234.99423,731837.05165,731818.77880,732221.66206,732208.32989,731800.50594
7642486.65849,7642445.42201,7642381.14196,7642473.48419,7642452.22968,7642330.36468,7642296.71688,7642427.54277,7642402.85586,7642270.36433,7642244.01178,7642378.16895,7642353.48204,7642217.65923,7642191.30668,7642328.79513
732095.06379,731972.74644,731920.32441,732194.23375,732253.35124,731891.87021,731873.59736,732261.65856,732248.32639,731855.32450,731837.05165,732234.99423,732221.66206,731818.77880,731800.50594,732208.32989
7642445.42201,7642486.65849,7642473.48419,7642381.14196,7642330.36468,7642452.22968,7642427.54277,7642296.71688,7642270.36433,7642402.85586,7642378.16895,7642244.01178,7642217.65923,7642353.48204,7642328.79513,7642191.30668
731800.50594,732208.32989,732221.66206,731818.77880,731837.05165,732234.99423,732248.32639,731855.32450,731873.59736,732261.65856,732253.35124,731891.87021,731920.32441,732194.23375,732095.06379,731972.74644
7642328.79513,7642191.30668,7642217.65923,7642353.48204,7642378.16895,7642244.01178,7642270.36433,7642402.85586,7642427.54277,7642296.71688,7642330.36468,7642452.22968,7642473.48419,7642381.14196,7642445.42201,7642486.65849
732208.32989,731800.50594,731818.77880,732221.66206,732234.99423,731837.05165,731855.32450,732248.32639,732261.65856,731873.59736,731891.87021,732253.35124,732194.23375,731920.32441,731972.74644,732095.06379
7642191.30668,7642328.79513,7642353.48204,7642217.65923,7642244.01178,7642378.16895,7642402.85586,7642270.36433,7642296.71688,7642427.54277,7642452.22968,7642330.36468,7642381.14196,7642473.48419,7642486.65849,7642445.42201
731906.81171,731932.74543,731940.14654,731849.71001,731792.60830,731947.54766,731954.94877,731735.50660,731678.40490,731962.34988,731969.75099,731621.30320,731564.20150,731977.15210,731984.55321,731507.09980,731497.20395,731991.95433,731999.35544,731517.89900,731538.59405,732006.75655,732014.15766,731559.28910
7641738.22264,7641741.35500,7641771.69215,7641760.76892,7641783.31520,7641802.02929,7641832.36644,7641805.86148,7641828.40776,7641862.70359,7641893.04073,7641850.95404,7641873.50032,7641923.37788,7641953.71503,7641896.04660,7641924.29456,7641984.05217,7642014.38932,7641956.23740,7641988.18023,7642044.72647,7642075.06361,7642020.12306
731932.74543,731906.81171,731849.71001,731940.14654,731947.54766,731792.60830,731735.50660,731954.94877,731962.34988,731678.40490,731621.30320,731969.75099,731977.15210,731564.20150,731507.09980,731984.55321,731991.95433,731497.20395,731517.89900,731999.35544,732006.75655,731538.59405,731559.28910,732014.15766
7641741.35500,7641738.22264,7641760.76892,7641771.69215,7641802.02929,7641783.31520,7641805.86148,7641832.36644,7641862.70359,7641828.40776,7641850.95404,7641893.04073,7641923.37788,7641873.50032,7641896.04660,7641953.71503,7641984.05217,7641924.29456,7641956.23740,7642014.38932,7642044.72647,7641988.18023,7642020.12306,7642075.06361
731559.28910,732014.15766,732006.75655,731538.59405,731517.89900,731999.35544,731991.95433,731497.20395,731507.09980,731984.55321,731977.15210,731564.20150,731621.30320,731969.75099,731962.34988,731678.40490,731735.50660,731954.94877,731947.54766,731792.60830,731849.71001,731940.14654,731932.74543,731906.81171
7642020.12306,7642075.06361,7642044.72647,7641988.18023,7641956.23740,7642014.38932,7641984.05217,7641924.29456,7641896.04660,7641953.71503,7641923.37788,7641873.50032,7641850.95404,7641893.04073,7641862.70359,7641828.40776,7641805.86148,7641832.36644,7641802.02929,7641783.31520,7641760.76892,7641771.69215,7641741.35500,7641738.22264
732014.15766,731559.28910,731538.59405,732006.75655,731999.35544,731517.89900,731497.20395,731991.95433,731984.55321,731507.09980,731564.20150,731977.15210,731969.75099,731621.30320,731678.40490,731962.34988,731954.94877,731735.50660,731792.60830,731947.54766,731940.14654,731849.71001,731906.81171,731932.74543
7642075.06361,7642020.12306,7641988.18023,7642044.72647,7642014.38932,7641956.23740,7641924.29456,7641984.05217,7641953.71503,7641896.04660,7641873.50032,7641923.37788,7641893.04073,7641850.95404,7641828.40776,7641862.70359,7641832.36644,7641805.86148,7641783.31520,7641802.02929,7641771.69215,7641760.76892,7641738.22264,7641741.35500
733040.76925,733058.91826,733113.43564,733065.02461,733089.27997,733167.95302,733222.47040,733113.53532,733137.79068,733276.98778,733331.50516,733162.04604
7642191.17514,7642232.84209,7642284.80595,7642173.66270,7642156.15026,7642336.76982,7642388.73368,7642138.63782,7642121.12538,7642440.69754,7642492.66141,7642103.61294
733058.91826,733040.76925,733065.02461,733113.43564,733167.95302,733089.27997,733113.53532,733222.47040,733276.98778,733137.79068,733162.04604,733331.50516
7642232.84209,7642191.17514,7642173.66270,7642284.80595,7642336.76982,7642156.15026,7642138.63782,7642388.73368,7642440.69754,7642121.12538,7642103.61294,7642492.66141
733162.04604,733331.50516,733276.98778,733137.79068,733113.53532,733222.47040,733167.95302,733089.27997,733065.02461,733113.43564,733058.91826,733040.76925
7642103.61294,7642492.66141,7642440.69754,7642121.12538,7642138.63782,7642388.73368,7642336.76982,7642156.15026,7642173.66270,7642284.80595,7642232.84209,7642191.17514
733331.50516,733162.04604,733137.79068,733276.98778,733222.47040,733113.53532,733089.27997,733167.95302,733113.43564,733065.02461,733040.76925,733058.91826
7642492.66141,7642103.61294,7642121.12538,7642440.69754,7642388.73368,7642138.63782,7642156.15026,7642336.76982,7642284.80595,7642173.66270,7642191.17514,7642232.84209
732043.83707,732150.59295,732177.30125,732051.09232,732084.49393,732204.00955
7642999.57694,7642956.31243,7642977.02846,7643028.17662,7643046.18009,7642997.74450
732150.59295,732043.83707,732051.09232,732177.30125,732204.00955,732084.49393
7642956.31243,7642999.57694,7643028.17662,7642977.02846,7642997.74450,7643046.18009
732204.00955,732084.49393,732051.09232,732177.30125,732150.59295,732043.83707
7642997.74450,7643046.18009,7643028.17662,7642977.02846,7642956.31243,7642999.57694
732084.49393,732204.00955,732177.30125,732051.09232,732043.83707,732150.59295
7643046.18009,7642997.74450,7642977.02846,7643028.17662,7642999.57694,7642956.31243
