


1
[(721782.3339843906, 7645061.412659472), (721862.8857802523, 7644865.576533497), (721989.9610887147, 7644871.486377678), (722117.3617151435, 7644926.483577723), (722145.0682739395, 7644989.592399935), (721952.9576555276, 7645225.04800833), (721782.3339843906, 7645061.412659472)]
78.7348178679
18
MULTIPOINT (721841.4263854503 7644917.74824114, 721883.222142786 7644866.522309158, 721919.5688790411 7644868.212673323, 721803.0724781692 7645010.993593867, 721792.0546359881 7645070.735177295, 721955.9156152969 7644869.903037488, 721991.7275088264 7644872.248918357, 721813.2193375726 7645091.033025209, 721834.3840391566 7645111.330873122, 722019.6268017211 7644884.292681685, 722047.5260946164 7644896.336445012, 721855.5487407413 7645131.628721037, 721876.7134423256 7645151.926568951, 722075.4253875115 7644908.38020834, 722103.3246804075 7644920.423971667, 721897.8781439107 7645172.224416865, 721919.0428454946 7645192.522264779, 722123.9194029224 7644941.420400271, 722137.1174583884 7644971.482370149, 721940.2075470795 7645212.820112693)
2978.1171888
MULTIPOINT (721883.222142786 7644866.522309158, 721841.4263854503 7644917.74824114, 721803.0724781692 7645010.993593867, 721919.5688790411 7644868.212673323, 721955.9156152969 7644869.903037488, 721792.0546359881 7645070.735177295, 721813.2193375726 7645091.033025209, 721991.7275088264 7644872.248918357, 722019.6268017211 7644884.292681685, 721834.3840391566 7645111.330873122, 721855.5487407413 7645131.628721037, 722047.5260946164 7644896.336445012, 722075.4253875115 7644908.38020834, 721876.7134423256 7645151.926568951, 721897.8781439107 7645172.224416865, 722103.3246804075 7644920.423971667, 722123.9194029224 7644941.420400271, 721919.0428454946 7645192.522264779, 721940.2075470795 7645212.820112693, 722137.1174583884 7644971.482370149)
3008.20872067
MULTIPOINT (721940.2075470795 7645212.820112693, 722137.1174583884 7644971.482370149, 722123.9194029224 7644941.420400271, 721919.0428454946 7645192.522264779, 721897.8781439107 7645172.224416865, 722103.3246804075 7644920.423971667, 722075.4253875115 7644908.38020834, 721876.7134423256 7645151.926568951, 721855.5487407413 7645131.628721037, 722047.5260946164 7644896.336445012, 722019.6268017211 7644884.292681685, 721834.3840391566 7645111.330873122, 721813.2193375726 7645091.033025209, 721991.7275088264 7644872.248918357, 721955.9156152969 7644869.903037488, 721792.0546359881 7645070.735177295, 721803.0724781692 7645010.993593867, 721919.5688790411 7644868.212673323, 721883.222142786 7644866.522309158, 721841.4263854503 7644917.74824114)
2978.1171888
MULTIPOINT (722137.1174583884 7644971.482370149, 721940.2075470795 7645212.820112693, 721919.0428454946 7645192.522264779, 722123.9194029224 7644941.420400271, 722103.3246804075 7644920.423971667, 721897.8781439107 7645172.224416865, 721876.7134423256 7645151.926568951, 722075.4253875115 7644908.38020834, 722047.5260946164 7644896.336445012, 721855.5487407413 7645131.628721037, 721834.3840391566 7645111.330873122, 722019.6268017211 7644884.292681685, 721991.7275088264 7644872.248918357, 721813.2193375726 7645091.033025209, 721792.0546359881 7645070.735177295, 721955.9156152969 7644869.903037488, 721919.5688790411 7644868.212673323, 721803.0724781692 7645010.993593867, 721841.4263854503 7644917.74824114, 721883.222142786 7644866.522309158)
3008.20872067



2
[(721827.6466203232, 7644697.848219169), (721881.0454356365, 7644641.154281492), (721944.6995919362, 7644652.127034925), (721871.6421565674, 7644830.68028846), (721796.0680882977, 7644823.460175864), (721827.6466203232, 7644697.848219169)]
15.7378302032
4
MULTIPOINT (721810.2150882338 7644767.186744854, 721846.9879847514 7644677.313342074, 721892.5541699429 7644643.138166146, 721817.9188730754 7644825.547732218, 721848.3136917432 7644828.451559128, 721922.0562878861 7644648.223764397)
576.415399769
MULTIPOINT (721846.9879847514 7644677.313342074, 721810.2150882338 7644767.186744854, 721817.9188730754 7644825.547732218, 721892.5541699429 7644643.138166146, 721922.0562878861 7644648.223764397, 721848.3136917432 7644828.451559128)
577.728620254
MULTIPOINT (721922.0562878861 7644648.223764397, 721848.3136917432 7644828.451559128, 721817.9188730754 7644825.547732218, 721892.5541699429 7644643.138166146, 721846.9879847514 7644677.313342074, 721810.2150882338 7644767.186744854)
576.415399769
MULTIPOINT (721848.3136917432 7644828.451559128, 721922.0562878861 7644648.223764397, 721892.5541699429 7644643.138166146, 721817.9188730754 7644825.547732218, 721810.2150882338 7644767.186744854, 721846.9879847514 7644677.313342074)
577.728620254



3
[(721350.1113718051, 7644060.742172131), (721459.2745952407, 7643787.186987447), (721546.0543353194, 7643705.737436334), (721611.9143278287, 7643769.064345019), (721676.1431061118, 7643900.655262294), (721704.8591492341, 7644069.867257621), (721675.7519283489, 7644205.172927767), (721350.1113718051, 7644060.742172131)]
105.926179918
22
MULTIPOINT (721351.8829858995 7644056.302634661, 721352.8419205048 7644061.953247362, 721384.903883231 7644076.173630575, 721372.6851876928 7644004.173813486, 721393.4873894869 7643952.044992308, 721416.9658459584 7644090.394013788, 721449.0278086836 7644104.614397001, 721414.2895912795 7643899.916171134, 721435.0917930729 7643847.787349959, 721481.0897714099 7644118.834780213, 721513.1517341362 7644133.055163426, 721455.8939948663 7643795.658528783, 721480.693423972 7643767.083746945, 721545.2136968623 7644147.275546639, 721577.2756595877 7644161.495929851, 721506.2685009536 7643743.079543453, 721531.8435779361 7643719.07533996, 721609.3376223139 7644175.716313064, 721641.3995850411 7644189.936696278, 721561.7977430369 7643720.875326651, 721597.2278328722 7643754.942716856, 721673.4615477674 7644204.157079491, 721691.1418792172 7644133.632342564, 721638.5253799313 7643823.584652729)
4045.33002791
MULTIPOINT (721352.8419205048 7644061.953247362, 721351.8829858995 7644056.302634661, 721372.6851876928 7644004.173813486, 721384.903883231 7644076.173630575, 721416.9658459584 7644090.394013788, 721393.4873894869 7643952.044992308, 721414.2895912795 7643899.916171134, 721449.0278086836 7644104.614397001, 721481.0897714099 7644118.834780213, 721435.0917930729 7643847.787349959, 721455.8939948663 7643795.658528783, 721513.1517341362 7644133.055163426, 721545.2136968623 7644147.275546639, 721480.693423972 7643767.083746945, 721506.2685009536 7643743.079543453, 721577.2756595877 7644161.495929851, 721609.3376223139 7644175.716313064, 721531.8435779361 7643719.07533996, 721561.7977430369 7643720.875326651, 721641.3995850411 7644189.936696278, 721673.4615477674 7644204.157079491, 721597.2278328722 7643754.942716856, 721638.5253799313 7643823.584652729, 721691.1418792172 7644133.632342564)
4051.87751003
MULTIPOINT (721638.5253799313 7643823.584652729, 721691.1418792172 7644133.632342564, 721673.4615477674 7644204.157079491, 721597.2278328722 7643754.942716856, 721561.7977430369 7643720.875326651, 721641.3995850411 7644189.936696278, 721609.3376223139 7644175.716313064, 721531.8435779361 7643719.07533996, 721506.2685009536 7643743.079543453, 721577.2756595877 7644161.495929851, 721545.2136968623 7644147.275546639, 721480.693423972 7643767.083746945, 721455.8939948663 7643795.658528783, 721513.1517341362 7644133.055163426, 721481.0897714099 7644118.834780213, 721435.0917930729 7643847.787349959, 721414.2895912795 7643899.916171134, 721449.0278086836 7644104.614397001, 721416.9658459584 7644090.394013788, 721393.4873894869 7643952.044992308, 721372.6851876928 7644004.173813486, 721384.903883231 7644076.173630575, 721352.8419205048 7644061.953247362, 721351.8829858995 7644056.302634661)
4045.33002791
MULTIPOINT (721691.1418792172 7644133.632342564, 721638.5253799313 7643823.584652729, 721597.2278328722 7643754.942716856, 721673.4615477674 7644204.157079491, 721641.3995850411 7644189.936696278, 721561.7977430369 7643720.875326651, 721531.8435779361 7643719.07533996, 721609.3376223139 7644175.716313064, 721577.2756595877 7644161.495929851, 721506.2685009536 7643743.079543453, 721480.693423972 7643767.083746945, 721545.2136968623 7644147.275546639, 721513.1517341362 7644133.055163426, 721455.8939948663 7643795.658528783, 721435.0917930729 7643847.787349959, 721481.0897714099 7644118.834780213, 721449.0278086836 7644104.614397001, 721414.2895912795 7643899.916171134, 721393.4873894869 7643952.044992308, 721416.9658459584 7644090.394013788, 721384.903883231 7644076.173630575, 721372.6851876928 7644004.173813486, 721351.8829858995 7644056.302634661, 721352.8419205048 7644061.953247362)
4051.87751003



4
[(721390.2455790752, 7644481.441761512), (721520.9761474212, 7644704.082429478), (721486.7801468193, 7644769.816773204), (721264.8732637223, 7644668.986280244), (721390.2455790752, 7644481.441761512)]
35.2328402426
12
MULTIPOINT (721289.3146815753 7644680.092020527, 721274.4136466235 7644654.714815968, 721292.4598615229 7644627.719472708, 721335.5471109847 7644701.099204184, 721381.7795403947 7644722.106387842, 721310.5060764225 7644600.724129448, 721328.5522913217 7644573.728786188, 721428.0119698038 7644743.1135715, 721474.2443992124 7644764.120755157, 721346.598506221 7644546.733442929, 721364.64472112 7644519.738099669, 721498.3862474946 7644747.506579097, 721514.3100180704 7644716.896607462, 721382.6909360193 7644492.74275641)
1461.35585553
MULTIPOINT (721274.4136466235 7644654.714815968, 721289.3146815753 7644680.092020527, 721335.5471109847 7644701.099204184, 721292.4598615229 7644627.719472708, 721310.5060764225 7644600.724129448, 721381.7795403947 7644722.106387842, 721428.0119698038 7644743.1135715, 721328.5522913217 7644573.728786188, 721346.598506221 7644546.733442929, 721474.2443992124 7644764.120755157, 721498.3862474946 7644747.506579097, 721364.64472112 7644519.738099669, 721382.6909360193 7644492.74275641, 721514.3100180704 7644716.896607462)
1456.15800672
MULTIPOINT (721382.6909360193 7644492.74275641, 721514.3100180704 7644716.896607462, 721498.3862474946 7644747.506579097, 721364.64472112 7644519.738099669, 721346.598506221 7644546.733442929, 721474.2443992124 7644764.120755157, 721428.0119698038 7644743.1135715, 721328.5522913217 7644573.728786188, 721310.5060764225 7644600.724129448, 721381.7795403947 7644722.106387842, 721335.5471109847 7644701.099204184, 721292.4598615229 7644627.719472708, 721274.4136466235 7644654.714815968, 721289.3146815753 7644680.092020527)
1461.35585553
MULTIPOINT (721514.3100180704 7644716.896607462, 721382.6909360193 7644492.74275641, 721364.64472112 7644519.738099669, 721498.3862474946 7644747.506579097, 721474.2443992124 7644764.120755157, 721346.598506221 7644546.733442929, 721328.5522913217 7644573.728786188, 721428.0119698038 7644743.1135715, 721381.7795403947 7644722.106387842, 721310.5060764225 7644600.724129448, 721292.4598615229 7644627.719472708, 721335.5471109847 7644701.099204184, 721289.3146815753 7644680.092020527, 721274.4136466235 7644654.714815968)
1456.15800672



5
[(721010.7980591973, 7644185.9596182555), (720965.150970433, 7644131.472999022), (720850.5745002764, 7643909.383386504), (720868.0317045276, 7643857.3629203085), (721139.6375646704, 7644072.76722165), (721010.7980591973, 7644185.9596182555)]
37.7771568281
10
MULTIPOINT (720962.5385691936 7644126.409243976, 721023.5262884616 7644174.777188071, 721045.8443600122 7644155.16956852, 720929.9633943764 7644063.267065281, 720897.3882195607 7644000.124886588, 721068.1624315623 7644135.56194897, 721090.480503112 7644115.95432942, 720864.8130447452 7643936.982707897, 720856.14055186 7643892.797191253, 721112.7985746623 7644096.34670987, 721135.1166462119 7644076.73909032, 720866.0286883346 7643863.331678802)
1607.93999956
MULTIPOINT (721023.5262884616 7644174.777188071, 720962.5385691936 7644126.409243976, 720929.9633943764 7644063.267065281, 721045.8443600122 7644155.16956852, 721068.1624315623 7644135.56194897, 720897.3882195607 7644000.124886588, 720864.8130447452 7643936.982707897, 721090.480503112 7644115.95432942, 721112.7985746623 7644096.34670987, 720856.14055186 7643892.797191253, 720866.0286883346 7643863.331678802, 721135.1166462119 7644076.73909032)
1635.33382762
MULTIPOINT (720866.0286883346 7643863.331678802, 721135.1166462119 7644076.73909032, 721112.7985746623 7644096.34670987, 720856.14055186 7643892.797191253, 720864.8130447452 7643936.982707897, 721090.480503112 7644115.95432942, 721068.1624315623 7644135.56194897, 720897.3882195607 7644000.124886588, 720929.9633943764 7644063.267065281, 721045.8443600122 7644155.16956852, 721023.5262884616 7644174.777188071, 720962.5385691936 7644126.409243976)
1607.93999956
MULTIPOINT (721135.1166462119 7644076.73909032, 720866.0286883346 7643863.331678802, 720856.14055186 7643892.797191253, 721112.7985746623 7644096.34670987, 721090.480503112 7644115.95432942, 720864.8130447452 7643936.982707897, 720897.3882195607 7644000.124886588, 721068.1624315623 7644135.56194897, 721045.8443600122 7644155.16956852, 720929.9633943764 7644063.267065281, 720962.5385691936 7644126.409243976, 721023.5262884616 7644174.777188071)
1635.33382762
