-1.000000 460.223179 486.269541 220.322535 603.489118 601.801082 511.368128 825.046028 614.534770 1158.574134 1142.174136 1193.489208 821.816456 732.224550 716.312257 879.965064 832.395800 562.695217 449.015237 430.912059 554.494057
4373.475514 -1.000000 -1.000000 -1.000000 -1.000000 4918.713916 4849.553922 5150.733184 4984.203095 5526.977236 5511.321464 5532.343118 5185.018091 5007.154785 4981.587512 5146.382475 5000.871501 4715.916833 4605.187730 4557.453720 4684.451486
4744.086190 -1.000000 -1.000000 -1.000000 -1.000000 5268.522498 5213.213806 5502.155332 5357.410971 5900.401482 5884.695313 5890.083621 5557.714591 5232.685412 5196.447806 5349.085917 5071.962347 4936.825907 4853.667134 4787.964783 4883.980312
4613.376158 -1.000000 -1.000000 -1.000000 -1.000000 4912.857841 4897.363349 5138.561263 5115.403991 5627.361008 5616.650542 5529.746813 5273.829636 5324.282582 5301.713966 5467.029786 5324.141699 4497.218144 4430.821760 4363.456806 4442.053263
4626.866613 -1.000000 -1.000000 -1.000000 -1.000000 4941.346983 4925.267344 5166.962774 5141.107120 5654.860935 5644.002198 5558.093117 5301.342973 5328.831721 5305.005305 5470.167219 5314.532877 4519.022509 4457.657360 4390.590436 4461.995753
4033.242985 4193.605241 4234.562659 4205.777163 4569.755217 -1.000000 -1.000000 -1.000000 -1.000000 3808.260939 3810.337461 3599.941786 3539.899744 4456.072086 4470.262148 4588.232624 4747.940686 3921.750228 3926.764197 3989.419343 3979.747572
3797.073829 4144.790071 4183.049108 4013.589175 4399.352958 -1.000000 -1.000000 -1.000000 -1.000000 3726.780153 3710.178435 3853.775071 3408.847049 4014.978431 4034.140940 4140.278416 4345.439463 4007.377646 3949.720494 3988.988445 4046.335263
3809.998040 3967.901819 4008.946868 3973.757894 4336.122383 -1.000000 -1.000000 -1.000000 -1.000000 3959.531513 3954.573118 3831.576678 3621.869815 4316.340967 4323.630506 4457.659815 4566.968939 3726.018557 3710.396327 3769.170693 3778.768527
3693.907187 3926.749429 3967.209331 3878.940002 4255.155793 -1.000000 -1.000000 -1.000000 -1.000000 3914.365408 3905.074601 3866.595867 3561.631590 4161.824666 4169.557636 4302.933883 4419.882512 3739.056674 3696.438376 3745.503802 3783.390107
5574.241842 5757.346468 5798.248679 5759.942773 6130.239183 5004.132355 5064.809442 4772.497463 5051.988645 -1.000000 -1.000000 -1.000000 -1.000000 5872.074954 5895.393518 5985.682651 6214.885194 5473.509069 5488.042470 5551.823993 5533.416127
5240.863574 5539.723775 5579.793019 5450.912230 5836.164637 4832.719976 4798.139649 4750.749904 4645.355108 -1.000000 -1.000000 -1.000000 -1.000000 5452.204051 5475.654310 5567.290466 5800.999485 5344.036714 5310.794880 5361.057601 5392.707425
5539.326768 5854.960663 5895.016497 5754.576891 6140.557044 5132.087190 5112.578983 4980.816616 4924.993727 -1.000000 -1.000000 -1.000000 -1.000000 5601.828263 5634.546044 5688.087059 5992.872137 5649.527877 5622.997394 5674.863088 5700.723716
5561.221254 5882.544681 5922.452244 5777.215603 6163.145359 5165.423279 5141.582660 5021.187622 4946.686493 -1.000000 -1.000000 -1.000000 -1.000000 5614.896168 5647.796400 5700.612876 6006.809723 5682.163816 5653.380583 5704.387067 5732.666587
2575.145908 3009.057650 3024.750991 2688.410340 2903.669689 2944.643701 2815.575667 3075.216510 2652.920201 3002.515269 2976.746601 3300.110861 2843.424191 -1.000000 -1.000000 -1.000000 -1.000000 3128.060036 3018.107058 3005.640740 3126.806272
2482.178070 2820.770990 2823.718075 2497.500791 2581.147544 3008.554251 2887.125722 3189.525998 2812.682673 3261.901772 3237.544874 3483.914830 3031.734637 -1.000000 -1.000000 -1.000000 -1.000000 3033.636475 2918.453194 2885.239781 3014.120912
2427.405393 2866.310447 2883.415493 2549.182650 2787.269183 2803.324854 2674.466450 2943.055973 2527.620215 2916.256473 2891.029893 3186.503164 2728.337777 -1.000000 -1.000000 -1.000000 -1.000000 2978.686685 2868.998941 2857.386039 2977.949704
2366.094526 2798.343257 2814.190502 2478.216802 2705.633004 2765.215818 2636.800846 2911.847461 2501.384150 2903.575679 2878.531551 3164.423154 2706.389461 -1.000000 -1.000000 -1.000000 -1.000000 2921.895535 2811.016188 2796.928553 2919.042480
882.983637 662.375405 702.064942 856.372318 1099.439289 1013.045313 1015.036321 1233.293964 1258.520963 1746.182032 1737.411527 1623.142937 1394.082061 1614.276773 1599.217861 1762.531474 1687.529090 -1.000000 -1.000000 -1.000000 -1.000000
998.126646 732.532873 765.031270 974.931096 1187.015829 1014.204159 1044.483637 1215.183204 1307.428793 1763.603671 1757.252058 1596.296082 1417.292897 1726.401450 1712.892800 1875.258018 1807.971232 -1.000000 -1.000000 -1.000000 -1.000000
1014.766795 796.136743 830.497015 1014.835432 1248.300413 969.893178 1008.589192 1165.624848 1276.910165 1720.846821 1715.188276 1544.828013 1377.061174 1735.577419 1724.184844 1884.950770 1835.925784 -1.000000 -1.000000 -1.000000 -1.000000
892.647826 721.301370 760.692877 895.667340 1156.702652 945.831960 957.531906 1162.199830 1210.814024 1685.877349 1677.966055 1550.922426 1335.380351 1617.450686 1604.866508 1766.558804 1712.303514 -1.000000 -1.000000 -1.000000 -1.000000
