732529.430365 7642715.279458
732357.042152 7643141.996786
732377.911906 7643177.340301
732601.435488 7642923.503572
732797.690835 7643255.867504
731972.746436 7642486.658492
732095.063788 7642445.422015
731800.505944 7642328.795129
732208.329892 7642191.306682
731906.811706 7641738.222638
731932.745432 7641741.355001
731559.289099 7642020.123063
732014.157661 7642075.063613
733040.769254 7642191.175143
733058.918261 7642232.842087
733162.046036 7642103.612942
733331.505158 7642492.661409
732043.837068 7642999.576937
732150.592950 7642956.312434
732204.009553 7642997.744495
732084.493928 7643046.180086
