721614.63945
7654170.50710
720757.74990,720618.61986,721003.42982,721254.69465,720757.74990
7655402.92696,7655131.24154,7654894.85552,7655217.81640,7655402.92696
721384.96176,721701.11062,721951.40331,721759.12230,721384.96176
7654711.50510,7654627.81432,7655127.95919,7655217.28575,7654711.50510
722839.37144,723091.42330,723456.97942,723076.22586,722839.37144
7654714.88532,7654620.39094,7654961.03992,7654976.58976,7654714.88532
720771.45263,721054.04244,720847.92394,720598.47000,720771.45263
7653733.86229,7654043.83771,7654194.39314,7654083.17737,7653733.86229
722489.46331,722071.09751,722113.32011,722230.50127,722613.14302,722489.46331
7654298.53933,7654053.35116,7653925.81500,7653858.97435,7654185.03503,7654298.53933
