800974.51997
7517785.32651
801688.34677,801722.53199,801763.06761,801709.18111,801730.01545,801783.93294,801804.79828,801750.84979
7517931.73706,7517986.33293,7517995.99111,7517909.93109,7517888.12513,7517974.23464,7517952.47818,7517866.31916
801722.53199,801688.34677,801709.18111,801763.06761,801783.93294,801730.01545,801750.84979,801804.79828
7517986.33293,7517931.73706,7517909.93109,7517995.99111,7517974.23464,7517888.12513,7517866.31916,7517952.47818
801750.84979,801804.79828,801783.93294,801730.01545,801709.18111,801763.06761,801722.53199,801688.34677
7517866.31916,7517952.47818,7517974.23464,7517888.12513,7517909.93109,7517995.99111,7517986.33293,7517931.73706
801804.79828,801750.84979,801730.01545,801783.93294,801763.06761,801709.18111,801688.34677,801722.53199
7517952.47818,7517866.31916,7517888.12513,7517974.23464,7517995.99111,7517909.93109,7517931.73706,7517986.33293
801833.74668,801760.70481,801779.59633,801853.63907,801873.53145,801798.48784
7517710.08241,7517880.93574,7517911.10665,7517737.91217,7517765.74192,7517941.27755
801760.70481,801833.74668,801853.63907,801779.59633,801798.48784,801873.53145
7517880.93574,7517710.08241,7517737.91217,7517911.10665,7517941.27755,7517765.74192
801798.48784,801873.53145,801853.63907,801779.59633,801760.70481,801833.74668
7517941.27755,7517765.74192,7517737.91217,7517911.10665,7517880.93574,7517710.08241
801873.53145,801798.48784,801779.59633,801853.63907,801833.74668,801760.70481
7517765.74192,7517941.27755,7517911.10665,7517737.91217,7517710.08241,7517880.93574
801438.05398,801416.35644,801359.76789,801469.77024,801501.48650,801303.17934,801246.59078,801533.20276,801564.91902,801190.00223,801133.41368,801588.52508,801606.53198,801123.41718,801121.47526,801624.53887,801642.54577,801119.53334,801117.59141,801660.55267
7517249.67618,7517259.78382,7517318.39199,7517267.14825,7517284.62031,7517377.00017,7517435.60834,7517302.09238,7517319.56444,7517494.21652,7517552.82470,7517340.81458,7517364.67305,7517589.72833,7517622.87979,7517388.53151,7517412.38998,7517656.03126,7517689.18273,7517436.24844
801416.35644,801438.05398,801469.77024,801359.76789,801303.17934,801501.48650,801533.20276,801246.59078,801190.00223,801564.91902,801588.52508,801133.41368,801123.41718,801606.53198,801624.53887,801121.47526,801119.53334,801642.54577,801660.55267,801117.59141
7517259.78382,7517249.67618,7517267.14825,7517318.39199,7517377.00017,7517284.62031,7517302.09238,7517435.60834,7517494.21652,7517319.56444,7517340.81458,7517552.82470,7517589.72833,7517364.67305,7517388.53151,7517622.87979,7517656.03126,7517412.38998,7517436.24844,7517689.18273
801660.55267,801117.59141,801119.53334,801642.54577,801624.53887,801121.47526,801123.41718,801606.53198,801588.52508,801133.41368,801190.00223,801564.91902,801533.20276,801246.59078,801303.17934,801501.48650,801469.77024,801359.76789,801416.35644,801438.05398
7517436.24844,7517689.18273,7517656.03126,7517412.38998,7517388.53151,7517622.87979,7517589.72833,7517364.67305,7517340.81458,7517552.82470,7517494.21652,7517319.56444,7517302.09238,7517435.60834,7517377.00017,7517284.62031,7517267.14825,7517318.39199,7517259.78382,7517249.67618
801117.59141,801660.55267,801642.54577,801119.53334,801121.47526,801624.53887,801606.53198,801123.41718,801133.41368,801588.52508,801564.91902,801190.00223,801246.59078,801533.20276,801501.48650,801303.17934,801359.76789,801469.77024,801438.05398,801416.35644
7517689.18273,7517436.24844,7517412.38998,7517656.03126,7517622.87979,7517388.53151,7517364.67305,7517589.72833,7517552.82470,7517340.81458,7517319.56444,7517494.21652,7517435.60834,7517302.09238,7517284.62031,7517377.00017,7517318.39199,7517267.14825,7517249.67618,7517259.78382
801983.34271,801963.73116,801925.72163,801963.46789
7517642.51775,7517607.01427,7517598.65838,7517666.99176
801963.73116,801983.34271,801963.46789,801925.72163
7517607.01427,7517642.51775,7517666.99176,7517598.65838
801963.46789,801925.72163,801963.73116,801983.34271
7517666.99176,7517598.65838,7517607.01427,7517642.51775
801925.72163,801963.46789,801983.34271,801963.73116
7517598.65838,7517666.99176,7517642.51775,7517607.01427
801972.63976,801941.44949,801891.65961,802026.08373,802012.17541,801877.22812,801862.79662,801998.26708
7517499.10611,7517477.96090,7517479.52113,7517570.65296,7517596.53882,7517505.05232,7517530.58350,7517622.42468
801941.44949,801972.63976,802026.08373,801891.65961,801877.22812,802012.17541,801998.26708,801862.79662
7517477.96090,7517499.10611,7517570.65296,7517479.52113,7517505.05232,7517596.53882,7517622.42468,7517530.58350
801998.26708,801862.79662,801877.22812,802012.17541,802026.08373,801891.65961,801941.44949,801972.63976
7517622.42468,7517530.58350,7517505.05232,7517596.53882,7517570.65296,7517479.52113,7517477.96090,7517499.10611
801862.79662,801998.26708,802012.17541,801877.22812,801891.65961,802026.08373,801972.63976,801941.44949
7517530.58350,7517622.42468,7517596.53882,7517505.05232,7517479.52113,7517570.65296,7517499.10611,7517477.96090
801806.33231,801798.68910,801739.36340,801804.85478
7517218.75404,7517225.12155,7517236.49996,7517181.93951
801798.68910,801806.33231,801804.85478,801739.36340
7517225.12155,7517218.75404,7517181.93951,7517236.49996
801804.85478,801739.36340,801798.68910,801806.33231
7517181.93951,7517236.49996,7517225.12155,7517218.75404
801739.36340,801804.85478,801806.33231,801798.68910
7517236.49996,7517181.93951,7517218.75404,7517225.12155
801705.08937,801717.73250,801799.10682,801679.56244,801654.03551,801805.95921,801807.96454,801628.50858
7517240.04688,7517234.47677,7517166.68435,7517219.35128,7517198.65568,7517131.72359,7517098.89827,7517177.96008
801717.73250,801705.08937,801679.56244,801799.10682,801805.95921,801654.03551,801628.50858,801807.96454
7517234.47677,7517240.04688,7517219.35128,7517166.68435,7517131.72359,7517198.65568,7517177.96008,7517098.89827
801628.50858,801807.96454,801805.95921,801654.03551,801679.56244,801799.10682,801717.73250,801705.08937
7517177.96008,7517098.89827,7517131.72359,7517198.65568,7517219.35128,7517166.68435,7517234.47677,7517240.04688
801807.96454,801628.50858,801654.03551,801805.95921,801799.10682,801679.56244,801705.08937,801717.73250
7517098.89827,7517177.96008,7517198.65568,7517131.72359,7517166.68435,7517219.35128,7517240.04688,7517234.47677
801184.71930,801180.14604,801063.55143,801253.06708,801231.14262,801045.73067,801027.90991,801209.21816,801187.29371,801010.08914,800992.26838,801165.36925,801123.28069,800974.44762
7517171.46060,7517176.77542,7517267.46048,7517047.21445,7517027.87839,7517243.35530,7517219.25012,7517008.54233,7516989.20627,7517195.14494,7517171.03976,7516969.87021,7516973.96790,7517146.93458
801180.14604,801184.71930,801253.06708,801063.55143,801045.73067,801231.14262,801209.21816,801027.90991,801010.08914,801187.29371,801165.36925,800992.26838,800974.44762,801123.28069
7517176.77542,7517171.46060,7517047.21445,7517267.46048,7517243.35530,7517027.87839,7517008.54233,7517219.25012,7517195.14494,7516989.20627,7516969.87021,7517171.03976,7517146.93458,7516973.96790
800974.44762,801123.28069,801165.36925,800992.26838,801010.08914,801187.29371,801209.21816,801027.90991,801045.73067,801231.14262,801253.06708,801063.55143,801180.14604,801184.71930
7517146.93458,7516973.96790,7516969.87021,7517171.03976,7517195.14494,7516989.20627,7517008.54233,7517219.25012,7517243.35530,7517027.87839,7517047.21445,7517267.46048,7517176.77542,7517171.46060
801123.28069,800974.44762,800992.26838,801165.36925,801187.29371,801010.08914,801027.90991,801209.21816,801231.14262,801045.73067,801063.55143,801253.06708,801184.71930,801180.14604
7516973.96790,7517146.93458,7517171.03976,7516969.87021,7516989.20627,7517195.14494,7517219.25012,7517008.54233,7517027.87839,7517243.35530,7517267.46048,7517047.21445,7517171.46060,7517176.77542
